1 1 
0.958599 1.03919 
0.914396 1.07675 
0.8674 1.11261 
0.817635 1.14672 
0.765142 1.17901 
0.709981 1.2094 
0.652237 1.23779 
0.592019 1.26405 
0.529461 1.28808 
0.46473 1.30973 
0.39802 1.32884 
0.329558 1.34527 
0.2596 1.35882 
0.18843 1.36933 
0.116359 1.37663 
0.0437208 1.38054 
-0.0291338 1.3809 
-0.101841 1.37756 
-0.174031 1.37039 
-0.245335 1.35929 
-0.315391 1.3442 
-0.383851 1.32507 
-0.450389 1.30192 
-0.514703 1.27477 
-0.576521 1.24372 
-0.635607 1.2089 
-0.691759 1.17045 
-0.744809 1.12859 
-0.794629 1.08353 
-0.841121 1.03553 
-0.884222 0.98486 
-0.923896 0.931805 
-0.96013 0.876662 
-0.992938 0.819729 
-1.02234 0.761303 
-1.04839 0.701676 
-1.07114 0.641132 
-1.09064 0.579939 
-1.10696 0.518354 
-1.12016 0.456618 
-1.13031 0.394951 
-1.13748 0.33356 
-1.14173 0.272631 
-1.14311 0.212334 
-1.14168 0.15282 
-1.13748 0.0942256 
-1.13056 0.0366722 
-1.12095 -0.0197336 
-1.10869 -0.0748972 
-1.09381 -0.128735 
-1.07633 -0.181175 
-1.05628 -0.23215 
-1.03366 -0.281603 
-1.00851 -0.329482 
-0.980833 -0.375736 
-0.950655 -0.42032 
-0.917999 -0.463189 
-0.882889 -0.504298 
-0.845356 -0.5436 
-0.80544 -0.581047 
-0.763186 -0.616587 
-0.718652 -0.650163 
-0.671907 -0.681715 
-0.623031 -0.711175 
-0.572121 -0.738472 
-0.519288 -0.763526 
-0.46466 -0.786253 
-0.408383 -0.806566 
-0.350619 -0.824369 
-0.291548 -0.839568 
-0.231366 -0.852064 
-0.170285 -0.861759 
-0.108532 -0.868561 
-0.0463435 -0.872379 
0.0160326 -0.873131 
0.0783426 -0.870749 
0.14033 -0.865173 
0.201737 -0.856363 
0.262313 -0.844297 
0.321811 -0.828972 
0.379996 -0.810408 
0.436647 -0.788649 
0.49156 -0.763761 
0.544548 -0.735835 
0.595444 -0.704983 
0.644101 -0.671339 
0.690395 -0.635056 
0.734221 -0.596304 
0.775497 -0.555268 
0.814155 -0.512142 
0.85015 -0.467131 
0.88345 -0.420445 
0.914036 -0.372294 
0.941903 -0.32289 
0.967056 -0.272443 
0.989505 -0.221156 
1.00927 -0.169227 
1.02637 -0.116843 
1.04084 -0.064186 
1.05269 -0.0114237 
1.06196 0.0412853 
1.06868 0.0937941 
1.07286 0.145967 
1.07453 0.19768 
1.07371 0.248819 
1.07041 0.299281 
1.06466 0.348972 
1.05645 0.397808 
1.0458 0.445713 
1.03271 0.492616 
1.01719 0.538456 
0.999242 0.583174 
0.978859 0.626717 
0.956046 0.669034 
0.930806 0.710075 
0.903143 0.749794 
0.873065 0.788142 
0.840586 0.825068 
0.805724 0.860523 
0.768506 0.894449 
0.728969 0.926787 
0.687158 0.957473 
0.643135 0.986436 
0.596973 1.0136 
0.54876 1.03888 
0.498602 1.06219 
0.446622 1.08343 
0.392963 1.10249 
0.337784 1.11928 
0.281266 1.13368 
0.223605 1.14557 
0.165016 1.15486 
0.10573 1.16141 
0.0459891 1.16513 
-0.0139513 1.16593 
-0.0738297 1.16371 
-0.13338 1.1584 
-0.192336 1.14994 
-0.250435 1.1383 
-0.307421 1.12347 
-0.363048 1.10544 
-0.417085 1.08426 
-0.469317 1.05998 
-0.519551 1.03269 
-0.56761 1.00249 
-0.613342 0.969517 
-0.656617 0.933916 
-0.697325 0.895861 
-0.735381 0.855535 
-0.770716 0.813137 
-0.803283 0.768873 
-0.83305 0.722958 
-0.859999 0.675606 
-0.884129 0.627036 
-0.905444 0.577461 
-0.923961 0.527092 
-0.939703 0.476133 
-0.952698 0.424777 
-0.962976 0.373213 
-0.970572 0.321615 
-0.975522 0.27015 
-0.97786 0.218971 
-0.977622 0.168222 
-0.974842 0.118036 
-0.969553 0.068534 
-0.961787 0.0198282 
-0.951575 -0.0279786 
-0.938946 -0.0747923 
-0.923928 -0.120526 
-0.906549 -0.165102 
-0.886838 -0.208444 
-0.864824 -0.250484 
-0.840537 -0.291158 
-0.81401 -0.330403 
-0.78528 -0.368161 
-0.754386 -0.404371 
-0.721373 -0.438977 
-0.686295 -0.47192 
-0.649209 -0.503141 
-0.610183 -0.532579 
-0.569292 -0.560172 
-0.526623 -0.585855 
-0.482273 -0.609562 
-0.436349 -0.631223 
-0.388971 -0.650769 
-0.340271 -0.668126 
-0.290392 -0.683224 
-0.239489 -0.695989 
-0.187728 -0.706351 
-0.135285 -0.714241 
-0.0823435 -0.719597 
-0.0290957 -0.722359 
0.024261 -0.722478 
0.0775259 -0.719912 
0.130496 -0.71463 
0.182971 -0.706614 
0.234751 -0.69586 
0.285644 -0.682377 
0.335462 -0.666192 
0.38403 -0.647348 
0.431181 -0.625902 
0.476761 -0.601929 
0.520631 -0.575521 
0.562663 -0.546783 
0.602747 -0.515834 
0.640785 -0.482805 
0.676693 -0.447839 
0.710402 -0.411086 
0.741856 -0.372703 
0.77101 -0.332852 
0.797831 -0.2917 
0.822294 -0.249411 
0.844383 -0.206152 
0.86409 -0.162087 
0.881412 -0.117375 
0.896352 -0.072173 
0.908915 -0.0266295 
0.91911 0.0191117 
0.926948 0.0649142 
0.93244 0.110649 
0.935598 0.156195 
0.936434 0.201438 
0.934962 0.246271 
0.931191 0.290596 
0.925133 0.334321 
0.916798 0.377359 
0.906196 0.419631 
0.893337 0.461062 
0.878231 0.501583 
0.860888 0.541127 
0.84132 0.57963 
0.819543 0.617033 
0.795571 0.653276 
0.769426 0.688301 
0.741133 0.722049 
0.710723 0.754462 
0.678233 0.785479 
0.643708 0.815038 
0.607202 0.843073 
0.568779 0.869518 
0.528512 0.894301 
0.486489 0.917348 
0.442807 0.938581 
0.397579 0.95792 
0.350928 0.975282 
0.302995 0.990582 
0.25393 1.00373 
0.203898 1.01465 
0.153076 1.02325 
0.101651 1.02945 
0.0498209 1.03318 
-0.00221006 1.03436 
-0.0542317 1.03294 
-0.106031 1.02886 
-0.157392 1.02209 
-0.208105 1.01261 
-0.25796 1.00041 
-0.306756 0.985488 
-0.354301 0.967886 
-0.400414 0.947645 
-0.444925 0.92483 
-0.487682 0.899521 
-0.528545 0.871818 
-0.56739 0.841836 
-0.604111 0.809703 
-0.638616 0.775563 
-0.670829 0.739568 
-0.700689 0.701879 
-0.728148 0.662664 
-0.753171 0.622095 
-0.775734 0.580347 
-0.795824 0.537595 
-0.813435 0.494012 
-0.828569 0.44977 
-0.841235 0.405035 
-0.851445 0.359967 
-0.859217 0.314721 
-0.864572 0.269446 
-0.86753 0.224282 
-0.868117 0.179361 
-0.866358 0.134807 
-0.862279 0.0907391 
-0.855906 0.0472656 
-0.847267 0.00448921 
-0.836389 -0.0374945 
-0.823301 -0.0785961 
-0.808033 -0.118732 
-0.790614 -0.157823 
-0.771078 -0.195796 
-0.749458 -0.23258 
-0.725793 -0.268107 
-0.700124 -0.302313 
-0.672495 -0.335134 
-0.642956 -0.36651 
-0.611563 -0.396379 
-0.578377 -0.424681 
-0.543466 -0.451355 
-0.506907 -0.476341 
-0.468782 -0.499577 
-0.429185 -0.521003 
