0 1
0.001 0.980199
0.002 0.960789
0.003 0.941765
0.004 0.923116
0.005 0.904837
0.006 0.88692
0.007 0.869358
0.008 0.852144
0.009 0.83527
0.01 0.818731
0.011 0.802519
0.012 0.786628
0.013 0.771052
0.014 0.755784
0.015 0.740818
0.016 0.726149
0.017 0.71177
0.018 0.697676
0.019 0.683861
0.02 0.67032
0.021 0.657047
0.022 0.644036
0.023 0.631284
0.024 0.618783
0.025 0.606531
0.026 0.59452
0.027 0.582748
0.028 0.571209
0.029 0.559898
0.03 0.548812
0.031 0.537944
0.032 0.527292
0.033 0.516851
0.034 0.506617
0.035 0.496585
0.036 0.486752
0.037 0.477114
0.038 0.467666
0.039 0.458406
0.04 0.449329
0.041 0.440432
0.042 0.43171
0.043 0.423162
0.044 0.414783
0.045 0.40657
0.046 0.398519
0.047 0.390628
0.048 0.382893
0.049 0.375311
0.05 0.367879
0.051 0.360595
0.052 0.353455
0.053 0.346456
0.054 0.339595
0.055 0.332871
0.056 0.32628
0.057 0.319819
0.058 0.313486
0.059 0.307279
0.06 0.301194
0.061 0.29523
0.062 0.289384
0.063 0.283654
0.064 0.278037
0.065 0.272532
0.066 0.267135
0.067 0.261846
0.068 0.256661
0.069 0.251578
0.07 0.246597
0.071 0.241714
0.072 0.236928
0.073 0.232236
0.074 0.227638
0.075 0.22313
0.076 0.218712
0.077 0.214381
0.078 0.210136
0.079 0.205975
0.08 0.201896
0.081 0.197899
0.082 0.19398
0.083 0.190139
0.084 0.186374
0.085 0.182683
0.086 0.179066
0.087 0.17552
0.088 0.172045
0.089 0.168638
0.09 0.165299
0.091 0.162026
0.092 0.158817
0.093 0.155673
0.094 0.15259
0.095 0.149569
0.096 0.146607
0.097 0.143704
0.098 0.140858
0.099 0.138069
0.1 0.135335
0.101 0.132655
0.102 0.130029
0.103 0.127454
0.104 0.12493
0.105 0.122456
0.106 0.120032
0.107 0.117655
0.108 0.115325
0.109 0.113041
0.11 0.110803
0.111 0.108609
0.112 0.106458
0.113 0.10435
0.114 0.102284
0.115 0.100259
0.116 0.0982735
0.117 0.0963276
0.118 0.0944201
0.119 0.0925505
0.12 0.0907179
0.121 0.0889215
0.122 0.0871608
0.123 0.0854349
0.124 0.0837432
0.125 0.0820849
0.126 0.0804595
0.127 0.0788663
0.128 0.0773047
0.129 0.0757739
0.13 0.0742735
0.131 0.0728028
0.132 0.0713612
0.133 0.0699482
0.134 0.0685631
0.135 0.0672055
0.136 0.0658747
0.137 0.0645703
0.138 0.0632917
0.139 0.0620384
0.14 0.06081
0.141 0.0596059
0.142 0.0584256
0.143 0.0572687
0.144 0.0561347
0.145 0.0550232
0.146 0.0539336
0.147 0.0528657
0.148 0.0518189
0.149 0.0507928
0.15 0.049787
0.151 0.0488012
0.152 0.0478348
0.153 0.0468876
0.154 0.0459592
0.155 0.0450492
0.156 0.0441571
0.157 0.0432828
0.158 0.0424257
0.159 0.0415856
0.16 0.0407622
0.161 0.039955
0.162 0.0391639
0.163 0.0383884
0.164 0.0376282
0.165 0.0368831
0.166 0.0361528
0.167 0.0354369
0.168 0.0347352
0.169 0.0340474
0.17 0.0333732
0.171 0.0327124
0.172 0.0320646
0.173 0.0314297
0.174 0.0308074
0.175 0.0301973
0.176 0.0295994
0.177 0.0290133
0.178 0.0284388
0.179 0.0278757
0.18 0.0273237
0.181 0.0267826
0.182 0.0262523
0.183 0.0257325
0.184 0.0252229
0.185 0.0247235
0.186 0.0242339
0.187 0.0237541
0.188 0.0232837
0.189 0.0228227
0.19 0.0223707
0.191 0.0219278
0.192 0.0214936
0.193 0.021068
0.194 0.0206508
0.195 0.0202419
0.196 0.0198411
0.197 0.0194482
0.198 0.0190631
0.199 0.0186856
0.2 0.0183156
0.201 0.0179529
0.202 0.0175974
0.203 0.017249
0.204 0.0169074
0.205 0.0165727
0.206 0.0162445
0.207 0.0159228
0.208 0.0156075
0.209 0.0152985
0.21 0.0149956
0.211 0.0146986
0.212 0.0144076
0.213 0.0141223
0.214 0.0138426
0.215 0.0135685
0.216 0.0132999
0.217 0.0130365
0.218 0.0127784
0.219 0.0125253
0.22 0.0122773
0.221 0.0120342
0.222 0.0117959
0.223 0.0115623
0.224 0.0113334
0.225 0.011109
0.226 0.010889
0.227 0.0106734
0.228 0.010462
0.229 0.0102549
0.23 0.0100518
0.231 0.00985278
0.232 0.00965768
0.233 0.00946645
0.234 0.009279
0.235 0.00909526
0.236 0.00891516
0.237 0.00873863
0.238 0.0085656
0.239 0.00839599
0.24 0.00822973
0.241 0.00806677
0.242 0.00790704
0.243 0.00775047
0.244 0.007597
0.245 0.00744657
0.246 0.00729912
0.247 0.00715459
0.248 0.00701292
0.249 0.00687405
0.25 0.00673794
0.251 0.00660452
0.252 0.00647374
0.253 0.00634555
0.254 0.0062199
0.255 0.00609674
0.256 0.00597601
0.257 0.00585768
0.258 0.00574169
0.259 0.005628
0.26 0.00551655
0.261 0.00540732
0.262 0.00530025
0.263 0.0051953
0.264 0.00509242
0.265 0.00499158
0.266 0.00489274
0.267 0.00479586
0.268 0.0047009
0.269 0.00460781
0.27 0.00451657
0.271 0.00442714
0.272 0.00433948
0.273 0.00425355
0.274 0.00416932
0.275 0.00408676
0.276 0.00400584
0.277 0.00392652
0.278 0.00384877
0.279 0.00377256
0.28 0.00369786
0.281 0.00362463
0.282 0.00355286
0.283 0.00348251
0.284 0.00341355
0.285 0.00334596
0.286 0.0032797
0.287 0.00321476
0.288 0.00315111
0.289 0.00308871
0.29 0.00302755
0.291 0.0029676
0.292 0.00290884
0.293 0.00285124
0.294 0.00279478
0.295 0.00273944
0.296 0.00268519
0.297 0.00263202
0.298 0.00257991
0.299 0.00252882
0.3 0.00247875
0.301 0.00242966
0.302 0.00238155
0.303 0.0023344
0.304 0.00228817
0.305 0.00224286
0.306 0.00219845
0.307 0.00215492
0.308 0.00211225
0.309 0.00207042
0.31 0.00202943
0.311 0.00198924
0.312 0.00194985
0.313 0.00191124
0.314 0.0018734
0.315 0.0018363
0.316 0.00179994
0.317 0.0017643
0.318 0.00172936
0.319 0.00169512
0.32 0.00166155
0.321 0.00162865
0.322 0.0015964
0.323 0.00156479
0.324 0.00153381
0.325 0.00150344
0.326 0.00147367
0.327 0.00144449
0.328 0.00141588
0.329 0.00138785
0.33 0.00136036
0.331 0.00133343
0.332 0.00130702
0.333 0.00128114
0.334 0.00125578
0.335 0.00123091
0.336 0.00120654
0.337 0.00118264
0.338 0.00115923
0.339 0.00113627
0.34 0.00111377
0.341 0.00109172
0.342 0.0010701
0.343 0.00104891
0.344 0.00102814
0.345 0.00100778
0.346 0.000987828
0.347 0.000968267
0.348 0.000949094
0.349 0.000930301
0.35 0.00091188
0.351 0.000893823
0.352 0.000876124
0.353 0.000858776
0.354 0.000841771
0.355 0.000825103
0.356 0.000808765
0.357 0.00079275
0.358 0.000777053
0.359 0.000761666
0.36 0.000746584
0.361 0.000731801
0.362 0.00071731
0.363 0.000703106
0.364 0.000689184
0.365 0.000675537
0.366 0.000662161
0.367 0.000649049
0.368 0.000636197
0.369 0.000623599
0.37 0.000611251
0.371 0.000599148
0.372 0.000587284
0.373 0.000575655
0.374 0.000564256
0.375 0.000553083
0.376 0.000542131
0.377 0.000531396
0.378 0.000520874
0.379 0.00051056
0.38 0.00050045
0.381 0.000490541
0.382 0.000480827
0.383 0.000471306
0.384 0.000461974
0.385 0.000452826
0.386 0.000443859
0.387 0.00043507
0.388 0.000426455
0.389 0.000418011
0.39 0.000409734
0.391 0.000401621
0.392 0.000393668
0.393 0.000385873
0.394 0.000378232
0.395 0.000370743
0.396 0.000363401
0.397 0.000356206
0.398 0.000349152
0.399 0.000342238
0.4 0.000335462
0.401 0.000328819
0.402 0.000322308
0.403 0.000315926
0.404 0.00030967
0.405 0.000303538
0.406 0.000297528
0.407 0.000291636
0.408 0.000285862
0.409 0.000280201
0.41 0.000274653
0.411 0.000269214
0.412 0.000263884
0.413 0.000258658
0.414 0.000253536
0.415 0.000248516
0.416 0.000243595
0.417 0.000238772
0.418 0.000234044
0.419 0.000229409
0.42 0.000224867
0.421 0.000220414
0.422 0.00021605
0.423 0.000211771
0.424 0.000207578
0.425 0.000203468
0.426 0.000199439
0.427 0.00019549
0.428 0.000191619
0.429 0.000187824
0.43 0.000184105
0.431 0.00018046
0.432 0.000176886
0.433 0.000173384
0.434 0.000169951
0.435 0.000166585
0.436 0.000163287
0.437 0.000160053
0.438 0.000156884
0.439 0.000153778
0.44 0.000150733
0.441 0.000147748
0.442 0.000144822
0.443 0.000141955
0.444 0.000139144
0.445 0.000136389
0.446 0.000133688
0.447 0.000131041
0.448 0.000128446
0.449 0.000125902
0.45 0.000123409
0.451 0.000120966
0.452 0.00011857
0.453 0.000116223
0.454 0.000113921
0.455 0.000111665
0.456 0.000109454
0.457 0.000107287
0.458 0.000105163
0.459 0.00010308
0.46 0.000101039
0.461 9.90384e-005
0.462 9.70773e-005
0.463 9.5155e-005
0.464 9.32708e-005
0.465 9.14239e-005
0.466 8.96136e-005
0.467 8.78392e-005
0.468 8.60998e-005
0.469 8.43949e-005
0.47 8.27238e-005
0.471 8.10858e-005
0.472 7.94802e-005
0.473 7.79063e-005
0.474 7.63637e-005
0.475 7.48516e-005
0.476 7.33694e-005
0.477 7.19166e-005
0.478 7.04926e-005
0.479 6.90967e-005
0.48 6.77285e-005
0.481 6.63874e-005
0.482 6.50728e-005
0.483 6.37843e-005
0.484 6.25213e-005
0.485 6.12833e-005
0.486 6.00698e-005
0.487 5.88803e-005
0.488 5.77144e-005
0.489 5.65716e-005
0.49 5.54514e-005
0.491 5.43534e-005
0.492 5.32771e-005
0.493 5.22222e-005
0.494 5.11881e-005
0.495 5.01745e-005
0.496 4.9181e-005
0.497 4.82071e-005
0.498 4.72526e-005
0.499 4.63169e-005
0.5 4.53998e-005
0.501 4.45008e-005
0.502 4.36196e-005
0.503 4.27559e-005
0.504 4.19093e-005
0.505 4.10794e-005
0.506 4.0266e-005
0.507 3.94687e-005
0.508 3.86871e-005
0.509 3.79211e-005
0.51 3.71702e-005
0.511 3.64342e-005
0.512 3.57127e-005
0.513 3.50056e-005
0.514 3.43124e-005
0.515 3.3633e-005
0.516 3.2967e-005
0.517 3.23142e-005
0.518 3.16743e-005
0.519 3.10472e-005
0.52 3.04324e-005
0.521 2.98298e-005
0.522 2.92391e-005
0.523 2.86601e-005
0.524 2.80926e-005
0.525 2.75364e-005
0.526 2.69911e-005
0.527 2.64566e-005
0.528 2.59328e-005
0.529 2.54193e-005
0.53 2.49159e-005
0.531 2.44226e-005
0.532 2.3939e-005
0.533 2.34649e-005
0.534 2.30003e-005
0.535 2.25449e-005
0.536 2.20984e-005
0.537 2.16609e-005
0.538 2.12319e-005
0.539 2.08115e-005
0.54 2.03994e-005
0.541 1.99955e-005
0.542 1.95996e-005
0.543 1.92115e-005
0.544 1.8831e-005
0.545 1.84582e-005
0.546 1.80927e-005
0.547 1.77344e-005
0.548 1.73832e-005
0.549 1.7039e-005
0.55 1.67016e-005
0.551 1.63709e-005
0.552 1.60468e-005
0.553 1.5729e-005
0.554 1.54176e-005
0.555 1.51123e-005
0.556 1.4813e-005
0.557 1.45197e-005
0.558 1.42322e-005
0.559 1.39504e-005
0.56 1.36741e-005
0.561 1.34034e-005
0.562 1.3138e-005
0.563 1.28778e-005
0.564 1.26228e-005
0.565 1.23729e-005
0.566 1.21279e-005
0.567 1.18877e-005
0.568 1.16523e-005
0.569 1.14216e-005
0.57 1.11954e-005
0.571 1.09738e-005
0.572 1.07565e-005
0.573 1.05435e-005
0.574 1.03347e-005
0.575 1.01301e-005
0.576 9.92947e-006
0.577 9.73285e-006
0.578 9.54013e-006
0.579 9.35122e-006
0.58 9.16605e-006
0.581 8.98455e-006
0.582 8.80665e-006
0.583 8.63226e-006
0.584 8.46133e-006
0.585 8.29379e-006
0.586 8.12956e-006
0.587 7.96858e-006
0.588 7.81079e-006
0.589 7.65613e-006
0.59 7.50453e-006
0.591 7.35593e-006
0.592 7.21027e-006
0.593 7.0675e-006
0.594 6.92755e-006
0.595 6.79038e-006
0.596 6.65592e-006
0.597 6.52412e-006
0.598 6.39494e-006
0.599 6.26831e-006
0.6 6.14419e-006
0.601 6.02252e-006
0.602 5.90327e-006
0.603 5.78638e-006
0.604 5.6718e-006
0.605 5.55949e-006
0.606 5.44941e-006
0.607 5.3415e-006
0.608 5.23573e-006
0.609 5.13206e-006
0.61 5.03043e-006
0.611 4.93083e-006
0.612 4.83319e-006
0.613 4.73749e-006
0.614 4.64368e-006
0.615 4.55173e-006
0.616 4.4616e-006
0.617 4.37325e-006
0.618 4.28665e-006
0.619 4.20177e-006
0.62 4.11857e-006
0.621 4.03702e-006
0.622 3.95708e-006
0.623 3.87872e-006
0.624 3.80192e-006
0.625 3.72664e-006
0.626 3.65285e-006
0.627 3.58051e-006
0.628 3.50961e-006
0.629 3.44012e-006
0.63 3.372e-006
0.631 3.30523e-006
0.632 3.23978e-006
0.633 3.17563e-006
0.634 3.11275e-006
0.635 3.05111e-006
0.636 2.9907e-006
0.637 2.93148e-006
0.638 2.87343e-006
0.639 2.81653e-006
0.64 2.76076e-006
0.641 2.70609e-006
0.642 2.65251e-006
0.643 2.59999e-006
0.644 2.5485e-006
0.645 2.49804e-006
0.646 2.44857e-006
0.647 2.40009e-006
0.648 2.35256e-006
0.649 2.30598e-006
0.65 2.26032e-006
0.651 2.21556e-006
0.652 2.17169e-006
0.653 2.12869e-006
0.654 2.08654e-006
0.655 2.04522e-006
0.656 2.00472e-006
0.657 1.96503e-006
0.658 1.92612e-006
0.659 1.88798e-006
0.66 1.85059e-006
0.661 1.81395e-006
0.662 1.77803e-006
0.663 1.74282e-006
0.664 1.70831e-006
0.665 1.67449e-006
0.666 1.64133e-006
0.667 1.60883e-006
0.668 1.57697e-006
0.669 1.54575e-006
0.67 1.51514e-006
0.671 1.48514e-006
0.672 1.45573e-006
0.673 1.4269e-006
0.674 1.39865e-006
0.675 1.37095e-006
0.676 1.34381e-006
0.677 1.3172e-006
0.678 1.29111e-006
0.679 1.26555e-006
0.68 1.24049e-006
0.681 1.21593e-006
0.682 1.19185e-006
0.683 1.16825e-006
0.684 1.14512e-006
0.685 1.12244e-006
0.686 1.10022e-006
0.687 1.07843e-006
0.688 1.05708e-006
0.689 1.03614e-006
0.69 1.01563e-006
0.691 9.95516e-007
0.692 9.75803e-007
0.693 9.56481e-007
0.694 9.37542e-007
0.695 9.18977e-007
0.696 9.0078e-007
0.697 8.82943e-007
0.698 8.6546e-007
0.699 8.48323e-007
0.7 8.31525e-007
0.701 8.15059e-007
0.702 7.9892e-007
0.703 7.83101e-007
0.704 7.67594e-007
0.705 7.52395e-007
0.706 7.37496e-007
0.707 7.22893e-007
0.708 7.08579e-007
0.709 6.94548e-007
0.71 6.80795e-007
0.711 6.67314e-007
0.712 6.54101e-007
0.713 6.41148e-007
0.714 6.28453e-007
0.715 6.16009e-007
0.716 6.03811e-007
0.717 5.91855e-007
0.718 5.80135e-007
0.719 5.68648e-007
0.72 5.57388e-007
0.721 5.46351e-007
0.722 5.35532e-007
0.723 5.24928e-007
0.724 5.14534e-007
0.725 5.04345e-007
0.726 4.94358e-007
0.727 4.8457e-007
0.728 4.74974e-007
0.729 4.65569e-007
0.73 4.5635e-007
0.731 4.47314e-007
0.732 4.38457e-007
0.733 4.29775e-007
0.734 4.21264e-007
0.735 4.12923e-007
0.736 4.04746e-007
0.737 3.96732e-007
0.738 3.88876e-007
0.739 3.81176e-007
0.74 3.73628e-007
0.741 3.6623e-007
0.742 3.58978e-007
0.743 3.5187e-007
0.744 3.44902e-007
0.745 3.38073e-007
0.746 3.31378e-007
0.747 3.24817e-007
0.748 3.18385e-007
0.749 3.1208e-007
0.75 3.05901e-007
0.751 2.99844e-007
0.752 2.93906e-007
0.753 2.88086e-007
0.754 2.82382e-007
0.755 2.7679e-007
0.756 2.7131e-007
0.757 2.65937e-007
0.758 2.60671e-007
0.759 2.5551e-007
0.76 2.5045e-007
0.761 2.45491e-007
0.762 2.4063e-007
0.763 2.35865e-007
0.764 2.31195e-007
0.765 2.26617e-007
0.766 2.2213e-007
0.767 2.17731e-007
0.768 2.1342e-007
0.769 2.09194e-007
0.77 2.05051e-007
0.771 2.00991e-007
0.772 1.97011e-007
0.773 1.9311e-007
0.774 1.89286e-007
0.775 1.85538e-007
0.776 1.81864e-007
0.777 1.78263e-007
0.778 1.74733e-007
0.779 1.71273e-007
0.78 1.67882e-007
0.781 1.64558e-007
0.782 1.61299e-007
0.783 1.58105e-007
0.784 1.54974e-007
0.785 1.51906e-007
0.786 1.48898e-007
0.787 1.45949e-007
0.788 1.43059e-007
0.789 1.40227e-007
0.79 1.3745e-007
0.791 1.34728e-007
0.792 1.32061e-007
0.793 1.29446e-007
0.794 1.26882e-007
0.795 1.2437e-007
0.796 1.21907e-007
0.797 1.19493e-007
0.798 1.17127e-007
0.799 1.14808e-007
0.8 1.12535e-007
0.801 1.10306e-007
0.802 1.08122e-007
0.803 1.05981e-007
0.804 1.03882e-007
0.805 1.01825e-007
0.806 9.98092e-008
0.807 9.78328e-008
0.808 9.58956e-008
0.809 9.39968e-008
0.81 9.21355e-008
0.811 9.03111e-008
0.812 8.85228e-008
0.813 8.67699e-008
0.814 8.50518e-008
0.815 8.33676e-008
0.816 8.17169e-008
0.817 8.00988e-008
0.818 7.85127e-008
0.819 7.6958e-008
0.82 7.54342e-008
0.821 7.39405e-008
0.822 7.24763e-008
0.823 7.10412e-008
0.824 6.96345e-008
0.825 6.82557e-008
0.826 6.69041e-008
0.827 6.55793e-008
0.828 6.42808e-008
0.829 6.30079e-008
0.83 6.17603e-008
0.831 6.05373e-008
0.832 5.93386e-008
0.833 5.81636e-008
0.834 5.70119e-008
0.835 5.5883e-008
0.836 5.47764e-008
0.837 5.36918e-008
0.838 5.26286e-008
0.839 5.15865e-008
0.84 5.0565e-008
0.841 4.95638e-008
0.842 4.85823e-008
0.843 4.76203e-008
0.844 4.66774e-008
0.845 4.57531e-008
0.846 4.48472e-008
0.847 4.39591e-008
0.848 4.30887e-008
0.849 4.22355e-008
0.85 4.13991e-008
0.851 4.05794e-008
0.852 3.97759e-008
0.853 3.89882e-008
0.854 3.82162e-008
0.855 3.74595e-008
0.856 3.67177e-008
0.857 3.59907e-008
0.858 3.5278e-008
0.859 3.45795e-008
0.86 3.38947e-008
0.861 3.32236e-008
0.862 3.25657e-008
0.863 3.19209e-008
0.864 3.12888e-008
0.865 3.06692e-008
0.866 3.00619e-008
0.867 2.94667e-008
0.868 2.88832e-008
0.869 2.83113e-008
0.87 2.77507e-008
0.871 2.72012e-008
0.872 2.66625e-008
0.873 2.61346e-008
0.874 2.56171e-008
0.875 2.51098e-008
0.876 2.46126e-008
0.877 2.41253e-008
0.878 2.36476e-008
0.879 2.31793e-008
0.88 2.27203e-008
0.881 2.22704e-008
0.882 2.18294e-008
0.883 2.13972e-008
0.884 2.09735e-008
0.885 2.05582e-008
0.886 2.01511e-008
0.887 1.97521e-008
0.888 1.9361e-008
0.889 1.89776e-008
0.89 1.86018e-008
0.891 1.82335e-008
0.892 1.78724e-008
0.893 1.75185e-008
0.894 1.71717e-008
0.895 1.68316e-008
0.896 1.64983e-008
0.897 1.61717e-008
0.898 1.58514e-008
0.899 1.55376e-008
0.9 1.52299e-008
0.901 1.49283e-008
0.902 1.46327e-008
0.903 1.4343e-008
0.904 1.4059e-008
0.905 1.37806e-008
0.906 1.35077e-008
0.907 1.32402e-008
0.908 1.29781e-008
0.909 1.27211e-008
0.91 1.24692e-008
0.911 1.22223e-008
0.912 1.19803e-008
0.913 1.1743e-008
0.914 1.15105e-008
0.915 1.12826e-008
0.916 1.10592e-008
0.917 1.08402e-008
0.918 1.06255e-008
0.919 1.04151e-008
0.92 1.02089e-008
0.921 1.00067e-008
0.922 9.8086e-009
0.923 9.61438e-009
0.924 9.424e-009
0.925 9.23739e-009
0.926 9.05448e-009
0.927 8.87519e-009
0.928 8.69945e-009
0.929 8.52719e-009
0.93 8.35834e-009
0.931 8.19283e-009
0.932 8.0306e-009
0.933 7.87159e-009
0.934 7.71572e-009
0.935 7.56294e-009
0.936 7.41318e-009
0.937 7.26639e-009
0.938 7.1225e-009
0.939 6.98147e-009
0.94 6.84323e-009
0.941 6.70772e-009
0.942 6.5749e-009
0.943 6.44471e-009
0.944 6.31709e-009
0.945 6.19201e-009
0.946 6.0694e-009
0.947 5.94922e-009
0.948 5.83141e-009
0.949 5.71594e-009
0.95 5.60276e-009
0.951 5.49182e-009
0.952 5.38307e-009
0.953 5.27648e-009
0.954 5.172e-009
0.955 5.06959e-009
0.956 4.9692e-009
0.957 4.87081e-009
0.958 4.77436e-009
0.959 4.67982e-009
0.96 4.58715e-009
0.961 4.49632e-009
0.962 4.40729e-009
0.963 4.32002e-009
0.964 4.23447e-009
0.965 4.15063e-009
0.966 4.06844e-009
0.967 3.98788e-009
0.968 3.90891e-009
0.969 3.83151e-009
0.97 3.75564e-009
0.971 3.68128e-009
0.972 3.60838e-009
0.973 3.53693e-009
0.974 3.46689e-009
0.975 3.39825e-009
0.976 3.33096e-009
0.977 3.265e-009
0.978 3.20035e-009
0.979 3.13698e-009
0.98 3.07486e-009
0.981 3.01397e-009
0.982 2.95429e-009
0.983 2.89579e-009
0.984 2.83845e-009
0.985 2.78225e-009
0.986 2.72716e-009
0.987 2.67315e-009
0.988 2.62022e-009
0.989 2.56834e-009
0.99 2.51748e-009
0.991 2.46763e-009
0.992 2.41877e-009
0.993 2.37088e-009
0.994 2.32393e-009
0.995 2.27791e-009
0.996 2.23281e-009
0.997 2.18859e-009
0.998 2.14526e-009
0.999 2.10278e-009
1 2.06114e-009
1.001 2.02033e-009
1.002 1.98032e-009
1.003 1.94111e-009
1.004 1.90267e-009
1.005 1.865e-009
1.006 1.82807e-009
1.007 1.79187e-009
1.008 1.75639e-009
1.009 1.72161e-009
1.01 1.68752e-009
1.011 1.6541e-009
1.012 1.62135e-009
1.013 1.58924e-009
1.014 1.55778e-009
1.015 1.52693e-009
1.016 1.49669e-009
1.017 1.46706e-009
1.018 1.43801e-009
1.019 1.40953e-009
1.02 1.38162e-009
1.021 1.35427e-009
1.022 1.32745e-009
1.023 1.30116e-009
1.024 1.2754e-009
1.025 1.25014e-009
1.026 1.22539e-009
1.027 1.20113e-009
1.028 1.17734e-009
1.029 1.15403e-009
1.03 1.13118e-009
1.031 1.10878e-009
1.032 1.08682e-009
1.033 1.0653e-009
1.034 1.04421e-009
1.035 1.02353e-009
1.036 1.00326e-009
1.037 9.83398e-010
1.038 9.63926e-010
1.039 9.44839e-010
1.04 9.26129e-010
1.041 9.07791e-010
1.042 8.89815e-010
1.043 8.72196e-010
1.044 8.54925e-010
1.045 8.37997e-010
1.046 8.21403e-010
1.047 8.05138e-010
1.048 7.89195e-010
1.049 7.73568e-010
1.05 7.58251e-010
1.051 7.43236e-010
1.052 7.28519e-010
1.053 7.14094e-010
1.054 6.99954e-010
1.055 6.86094e-010
1.056 6.72508e-010
1.057 6.59191e-010
1.058 6.46139e-010
1.059 6.33344e-010
1.06 6.20803e-010
1.061 6.0851e-010
1.062 5.96461e-010
1.063 5.8465e-010
1.064 5.73073e-010
1.065 5.61726e-010
1.066 5.50603e-010
1.067 5.397e-010
1.068 5.29013e-010
1.069 5.18538e-010
1.07 5.08271e-010
1.071 4.98206e-010
1.072 4.88341e-010
1.073 4.78671e-010
1.074 4.69193e-010
1.075 4.59902e-010
1.076 4.50796e-010
1.077 4.41869e-010
1.078 4.3312e-010
1.079 4.24543e-010
1.08 4.16137e-010
1.081 4.07897e-010
1.082 3.9982e-010
1.083 3.91903e-010
1.084 3.84143e-010
1.085 3.76536e-010
1.086 3.6908e-010
1.087 3.61772e-010
1.088 3.54608e-010
1.089 3.47587e-010
1.09 3.40704e-010
1.091 3.33957e-010
1.092 3.27345e-010
1.093 3.20863e-010
1.094 3.14509e-010
1.095 3.08282e-010
1.096 3.02177e-010
1.097 2.96194e-010
1.098 2.90329e-010
1.099 2.8458e-010
1.1 2.78945e-010
1.101 2.73421e-010
1.102 2.68007e-010
1.103 2.627e-010
1.104 2.57498e-010
1.105 2.524e-010
1.106 2.47402e-010
1.107 2.42503e-010
1.108 2.37701e-010
1.109 2.32994e-010
1.11 2.28381e-010
1.111 2.23858e-010
1.112 2.19426e-010
1.113 2.15081e-010
1.114 2.10822e-010
1.115 2.06647e-010
1.116 2.02555e-010
1.117 1.98545e-010
1.118 1.94613e-010
1.119 1.9076e-010
1.12 1.86982e-010
1.121 1.8328e-010
1.122 1.79651e-010
1.123 1.76093e-010
1.124 1.72606e-010
1.125 1.69189e-010
1.126 1.65838e-010
1.127 1.62555e-010
1.128 1.59336e-010
1.129 1.56181e-010
1.13 1.53088e-010
1.131 1.50057e-010
1.132 1.47085e-010
1.133 1.44173e-010
1.134 1.41318e-010
1.135 1.3852e-010
1.136 1.35777e-010
1.137 1.33088e-010
1.138 1.30453e-010
1.139 1.2787e-010
1.14 1.25338e-010
1.141 1.22856e-010
1.142 1.20423e-010
1.143 1.18039e-010
1.144 1.15701e-010
1.145 1.1341e-010
1.146 1.11165e-010
1.147 1.08964e-010
1.148 1.06806e-010
1.149 1.04691e-010
1.15 1.02618e-010
1.151 1.00586e-010
1.152 9.85943e-011
1.153 9.6642e-011
1.154 9.47283e-011
1.155 9.28526e-011
1.156 9.1014e-011
1.157 8.92118e-011
1.158 8.74453e-011
1.159 8.57138e-011
1.16 8.40165e-011
1.161 8.23529e-011
1.162 8.07222e-011
1.163 7.91238e-011
1.164 7.7557e-011
1.165 7.60213e-011
1.166 7.4516e-011
1.167 7.30404e-011
1.168 7.15941e-011
1.169 7.01765e-011
1.17 6.87869e-011
1.171 6.74248e-011
1.172 6.60897e-011
1.173 6.47811e-011
1.174 6.34983e-011
1.175 6.2241e-011
1.176 6.10085e-011
1.177 5.98004e-011
1.178 5.86163e-011
1.179 5.74556e-011
1.18 5.63179e-011
1.181 5.52028e-011
1.182 5.41097e-011
1.183 5.30382e-011
1.184 5.1988e-011
1.185 5.09586e-011
1.186 4.99495e-011
1.187 4.89605e-011
1.188 4.7991e-011
1.189 4.70407e-011
1.19 4.61092e-011
1.191 4.51962e-011
1.192 4.43013e-011
1.193 4.3424e-011
1.194 4.25642e-011
1.195 4.17214e-011
1.196 4.08952e-011
1.197 4.00854e-011
1.198 3.92917e-011
1.199 3.85137e-011
1.2 3.7751e-011
1.201 3.70035e-011
1.202 3.62708e-011
1.203 3.55526e-011
1.204 3.48486e-011
1.205 3.41586e-011
1.206 3.34822e-011
1.207 3.28192e-011
1.208 3.21693e-011
1.209 3.15323e-011
1.21 3.09079e-011
1.211 3.02959e-011
1.212 2.9696e-011
1.213 2.9108e-011
1.214 2.85316e-011
1.215 2.79667e-011
1.216 2.74129e-011
1.217 2.68701e-011
1.218 2.6338e-011
1.219 2.58165e-011
1.22 2.53053e-011
1.221 2.48042e-011
1.222 2.4313e-011
1.223 2.38316e-011
1.224 2.33597e-011
1.225 2.28972e-011
1.226 2.24438e-011
1.227 2.19993e-011
1.228 2.15637e-011
1.229 2.11367e-011
1.23 2.07182e-011
1.231 2.0308e-011
1.232 1.99058e-011
1.233 1.95117e-011
1.234 1.91253e-011
1.235 1.87466e-011
1.236 1.83754e-011
1.237 1.80115e-011
1.238 1.76549e-011
1.239 1.73053e-011
1.24 1.69626e-011
1.241 1.66267e-011
1.242 1.62975e-011
1.243 1.59748e-011
1.244 1.56585e-011
1.245 1.53484e-011
1.246 1.50445e-011
1.247 1.47466e-011
1.248 1.44546e-011
1.249 1.41684e-011
1.25 1.38878e-011
1.251 1.36128e-011
1.252 1.33433e-011
1.253 1.30791e-011
1.254 1.28201e-011
1.255 1.25662e-011
1.256 1.23174e-011
1.257 1.20735e-011
1.258 1.18344e-011
1.259 1.16001e-011
1.26 1.13704e-011
1.261 1.11452e-011
1.262 1.09246e-011
1.263 1.07082e-011
1.264 1.04962e-011
1.265 1.02884e-011
1.266 1.00846e-011
1.267 9.88494e-012
1.268 9.68921e-012
1.269 9.49735e-012
1.27 9.30929e-012
1.271 9.12495e-012
1.272 8.94426e-012
1.273 8.76716e-012
1.274 8.59355e-012
1.275 8.42339e-012
1.276 8.2566e-012
1.277 8.09311e-012
1.278 7.93285e-012
1.279 7.77577e-012
1.28 7.6218e-012
1.281 7.47088e-012
1.282 7.32294e-012
1.283 7.17794e-012
1.284 7.03581e-012
1.285 6.89649e-012
1.286 6.75993e-012
1.287 6.62607e-012
1.288 6.49487e-012
1.289 6.36626e-012
1.29 6.2402e-012
1.291 6.11664e-012
1.292 5.99552e-012
1.293 5.8768e-012
1.294 5.76043e-012
1.295 5.64637e-012
1.296 5.53456e-012
1.297 5.42497e-012
1.298 5.31755e-012
1.299 5.21225e-012
1.3 5.10904e-012
1.301 5.00788e-012
1.302 4.90872e-012
1.303 4.81152e-012
1.304 4.71624e-012
1.305 4.62285e-012
1.306 4.53132e-012
1.307 4.44159e-012
1.308 4.35364e-012
1.309 4.26743e-012
1.31 4.18293e-012
1.311 4.1001e-012
1.312 4.01892e-012
1.313 3.93934e-012
1.314 3.86133e-012
1.315 3.78487e-012
1.316 3.70993e-012
1.317 3.63647e-012
1.318 3.56446e-012
1.319 3.49388e-012
1.32 3.42469e-012
1.321 3.35688e-012
1.322 3.29041e-012
1.323 3.22526e-012
1.324 3.16139e-012
1.325 3.09879e-012
1.326 3.03743e-012
1.327 2.97729e-012
1.328 2.91833e-012
1.329 2.86054e-012
1.33 2.8039e-012
1.331 2.74838e-012
1.332 2.69396e-012
1.333 2.64062e-012
1.334 2.58833e-012
1.335 2.53708e-012
1.336 2.48684e-012
1.337 2.4376e-012
1.338 2.38933e-012
1.339 2.34202e-012
1.34 2.29564e-012
1.341 2.25018e-012
1.342 2.20563e-012
1.343 2.16195e-012
1.344 2.11914e-012
1.345 2.07718e-012
1.346 2.03605e-012
1.347 1.99573e-012
1.348 1.95622e-012
1.349 1.91748e-012
1.35 1.87951e-012
1.351 1.84229e-012
1.352 1.80581e-012
1.353 1.77006e-012
1.354 1.73501e-012
1.355 1.70065e-012
1.356 1.66698e-012
1.357 1.63397e-012
1.358 1.60161e-012
1.359 1.5699e-012
1.36 1.53881e-012
1.361 1.50834e-012
1.362 1.47848e-012
1.363 1.4492e-012
1.364 1.4205e-012
1.365 1.39238e-012
1.366 1.36481e-012
1.367 1.33778e-012
1.368 1.31129e-012
1.369 1.28533e-012
1.37 1.25987e-012
1.371 1.23493e-012
1.372 1.21047e-012
1.373 1.1865e-012
1.374 1.16301e-012
1.375 1.13998e-012
1.376 1.11741e-012
1.377 1.09528e-012
1.378 1.07359e-012
1.379 1.05234e-012
1.38 1.0315e-012
1.381 1.01107e-012
1.382 9.91052e-013
1.383 9.71428e-013
1.384 9.52192e-013
1.385 9.33338e-013
1.386 9.14856e-013
1.387 8.96741e-013
1.388 8.78984e-013
1.389 8.61579e-013
1.39 8.44519e-013
1.391 8.27796e-013
1.392 8.11405e-013
1.393 7.95338e-013
1.394 7.79589e-013
1.395 7.64152e-013
1.396 7.49021e-013
1.397 7.34189e-013
1.398 7.19651e-013
1.399 7.05401e-013
1.4 6.91433e-013
1.401 6.77742e-013
1.402 6.64322e-013
1.403 6.51167e-013
1.404 6.38274e-013
1.405 6.25635e-013
1.406 6.13246e-013
1.407 6.01103e-013
1.408 5.89201e-013
1.409 5.77534e-013
1.41 5.66098e-013
1.411 5.54888e-013
1.412 5.43901e-013
1.413 5.33131e-013
1.414 5.22574e-013
1.415 5.12226e-013
1.416 5.02084e-013
1.417 4.92142e-013
1.418 4.82397e-013
1.419 4.72845e-013
1.42 4.63482e-013
1.421 4.54304e-013
1.422 4.45308e-013
1.423 4.36491e-013
1.424 4.27847e-013
1.425 4.19376e-013
1.426 4.11071e-013
1.427 4.02932e-013
1.428 3.94953e-013
1.429 3.87132e-013
1.43 3.79467e-013
1.431 3.71953e-013
1.432 3.64588e-013
1.433 3.57368e-013
1.434 3.50292e-013
1.435 3.43356e-013
1.436 3.36557e-013
1.437 3.29892e-013
1.438 3.2336e-013
1.439 3.16957e-013
1.44 3.10681e-013
1.441 3.04529e-013
1.442 2.98499e-013
1.443 2.92588e-013
1.444 2.86795e-013
1.445 2.81116e-013
1.446 2.75549e-013
1.447 2.70093e-013
1.448 2.64745e-013
1.449 2.59503e-013
1.45 2.54364e-013
1.451 2.49327e-013
1.452 2.4439e-013
1.453 2.39551e-013
1.454 2.34808e-013
1.455 2.30158e-013
1.456 2.25601e-013
1.457 2.21133e-013
1.458 2.16755e-013
1.459 2.12463e-013
1.46 2.08256e-013
1.461 2.04132e-013
1.462 2.0009e-013
1.463 1.96128e-013
1.464 1.92244e-013
1.465 1.88438e-013
1.466 1.84706e-013
1.467 1.81049e-013
1.468 1.77464e-013
1.469 1.7395e-013
1.47 1.70505e-013
1.471 1.67129e-013
1.472 1.6382e-013
1.473 1.60576e-013
1.474 1.57396e-013
1.475 1.5428e-013
1.476 1.51225e-013
1.477 1.4823e-013
1.478 1.45295e-013
1.479 1.42418e-013
1.48 1.39598e-013
1.481 1.36834e-013
1.482 1.34124e-013
1.483 1.31468e-013
1.484 1.28865e-013
1.485 1.26313e-013
1.486 1.23812e-013
1.487 1.21361e-013
1.488 1.18958e-013
1.489 1.16602e-013
1.49 1.14293e-013
1.491 1.1203e-013
1.492 1.09812e-013
1.493 1.07637e-013
1.494 1.05506e-013
1.495 1.03417e-013
1.496 1.01369e-013
1.497 9.93617e-014
1.498 9.73942e-014
1.499 9.54656e-014
1.5 9.35753e-014
1.501 9.17224e-014
1.502 8.99061e-014
1.503 8.81259e-014
1.504 8.63809e-014
1.505 8.46704e-014
1.506 8.29938e-014
1.507 8.13504e-014
1.508 7.97396e-014
1.509 7.81606e-014
1.51 7.6613e-014
1.511 7.50959e-014
1.512 7.36089e-014
1.513 7.21514e-014
1.514 7.07227e-014
1.515 6.93223e-014
1.516 6.79496e-014
1.517 6.66041e-014
1.518 6.52852e-014
1.519 6.39925e-014
1.52 6.27254e-014
1.521 6.14833e-014
1.522 6.02659e-014
1.523 5.90725e-014
1.524 5.79028e-014
1.525 5.67563e-014
1.526 5.56324e-014
1.527 5.45308e-014
1.528 5.3451e-014
1.529 5.23926e-014
1.53 5.13552e-014
1.531 5.03383e-014
1.532 4.93415e-014
1.533 4.83645e-014
1.534 4.74068e-014
1.535 4.64681e-014
1.536 4.5548e-014
1.537 4.46461e-014
1.538 4.3762e-014
1.539 4.28955e-014
1.54 4.20461e-014
1.541 4.12135e-014
1.542 4.03974e-014
1.543 3.95975e-014
1.544 3.88134e-014
1.545 3.80449e-014
1.546 3.72915e-014
1.547 3.65531e-014
1.548 3.58293e-014
1.549 3.51198e-014
1.55 3.44244e-014
1.551 3.37428e-014
1.552 3.30746e-014
1.553 3.24197e-014
1.554 3.17777e-014
1.555 3.11485e-014
1.556 3.05317e-014
1.557 2.99271e-014
1.558 2.93345e-014
1.559 2.87537e-014
1.56 2.81843e-014
1.561 2.76262e-014
1.562 2.70792e-014
1.563 2.6543e-014
1.564 2.60174e-014
1.565 2.55022e-014
1.566 2.49972e-014
1.567 2.45023e-014
1.568 2.40171e-014
1.569 2.35415e-014
1.57 2.30754e-014
1.571 2.26184e-014
1.572 2.21706e-014
1.573 2.17316e-014
1.574 2.13012e-014
1.575 2.08795e-014
1.576 2.0466e-014
1.577 2.00608e-014
1.578 1.96635e-014
1.579 1.92742e-014
1.58 1.88925e-014
1.581 1.85184e-014
1.582 1.81517e-014
1.583 1.77923e-014
1.584 1.744e-014
1.585 1.70947e-014
1.586 1.67562e-014
1.587 1.64244e-014
1.588 1.60991e-014
1.589 1.57804e-014
1.59 1.54679e-014
1.591 1.51616e-014
1.592 1.48614e-014
1.593 1.45671e-014
1.594 1.42787e-014
1.595 1.39959e-014
1.596 1.37188e-014
1.597 1.34471e-014
1.598 1.31809e-014
1.599 1.29199e-014
1.6 1.2664e-014
1.601 1.24133e-014
1.602 1.21675e-014
1.603 1.19265e-014
1.604 1.16904e-014
1.605 1.14589e-014
1.606 1.1232e-014
1.607 1.10096e-014
1.608 1.07916e-014
1.609 1.05779e-014
1.61 1.03684e-014
1.611 1.01631e-014
1.612 9.96188e-015
1.613 9.76462e-015
1.614 9.57127e-015
1.615 9.38174e-015
1.616 9.19597e-015
1.617 9.01388e-015
1.618 8.83539e-015
1.619 8.66044e-015
1.62 8.48895e-015
1.621 8.32086e-015
1.622 8.15609e-015
1.623 7.99459e-015
1.624 7.83629e-015
1.625 7.68112e-015
1.626 7.52902e-015
1.627 7.37994e-015
1.628 7.23381e-015
1.629 7.09057e-015
1.63 6.95016e-015
1.631 6.81254e-015
1.632 6.67764e-015
1.633 6.54542e-015
1.634 6.41581e-015
1.635 6.28877e-015
1.636 6.16424e-015
1.637 6.04218e-015
1.638 5.92254e-015
1.639 5.80527e-015
1.64 5.69031e-015
1.641 5.57764e-015
1.642 5.46719e-015
1.643 5.35894e-015
1.644 5.25282e-015
1.645 5.14881e-015
1.646 5.04685e-015
1.647 4.94692e-015
1.648 4.84896e-015
1.649 4.75295e-015
1.65 4.65883e-015
1.651 4.56658e-015
1.652 4.47616e-015
1.653 4.38752e-015
1.654 4.30065e-015
1.655 4.21549e-015
1.656 4.13201e-015
1.657 4.0502e-015
1.658 3.97e-015
1.659 3.89139e-015
1.66 3.81433e-015
1.661 3.7388e-015
1.662 3.66477e-015
1.663 3.5922e-015
1.664 3.52107e-015
1.665 3.45135e-015
1.666 3.38301e-015
1.667 3.31602e-015
1.668 3.25036e-015
1.669 3.186e-015
1.67 3.12291e-015
1.671 3.06107e-015
1.672 3.00046e-015
1.673 2.94105e-015
1.674 2.88281e-015
1.675 2.82573e-015
1.676 2.76977e-015
1.677 2.71493e-015
1.678 2.66117e-015
1.679 2.60847e-015
1.68 2.55682e-015
1.681 2.50619e-015
1.682 2.45657e-015
1.683 2.40792e-015
1.684 2.36024e-015
1.685 2.31351e-015
1.686 2.2677e-015
1.687 2.22279e-015
1.688 2.17878e-015
1.689 2.13564e-015
1.69 2.09335e-015
1.691 2.0519e-015
1.692 2.01127e-015
1.693 1.97144e-015
1.694 1.9324e-015
1.695 1.89414e-015
1.696 1.85663e-015
1.697 1.81987e-015
1.698 1.78383e-015
1.699 1.74851e-015
1.7 1.71389e-015
1.701 1.67995e-015
1.702 1.64669e-015
1.703 1.61408e-015
1.704 1.58212e-015
1.705 1.55079e-015
1.706 1.52008e-015
1.707 1.48998e-015
1.708 1.46048e-015
1.709 1.43156e-015
1.71 1.40321e-015
1.711 1.37543e-015
1.712 1.34819e-015
1.713 1.3215e-015
1.714 1.29533e-015
1.715 1.26968e-015
1.716 1.24454e-015
1.717 1.21989e-015
1.718 1.19574e-015
1.719 1.17206e-015
1.72 1.14885e-015
1.721 1.1261e-015
1.722 1.10381e-015
1.723 1.08195e-015
1.724 1.06053e-015
1.725 1.03953e-015
1.726 1.01894e-015
1.727 9.98765e-016
1.728 9.78989e-016
1.729 9.59603e-016
1.73 9.40602e-016
1.731 9.21977e-016
1.732 9.0372e-016
1.733 8.85825e-016
1.734 8.68285e-016
1.735 8.51092e-016
1.736 8.34239e-016
1.737 8.1772e-016
1.738 8.01528e-016
1.739 7.85657e-016
1.74 7.701e-016
1.741 7.54851e-016
1.742 7.39904e-016
1.743 7.25252e-016
1.744 7.10892e-016
1.745 6.96815e-016
1.746 6.83017e-016
1.747 6.69492e-016
1.748 6.56236e-016
1.749 6.43241e-016
1.75 6.30504e-016
1.751 6.18019e-016
1.752 6.05782e-016
1.753 5.93786e-016
1.754 5.82029e-016
1.755 5.70504e-016
1.756 5.59207e-016
1.757 5.48134e-016
1.758 5.3728e-016
1.759 5.26641e-016
1.76 5.16213e-016
1.761 5.05991e-016
1.762 4.95972e-016
1.763 4.86151e-016
1.764 4.76525e-016
1.765 4.67089e-016
1.766 4.5784e-016
1.767 4.48774e-016
1.768 4.39888e-016
1.769 4.31177e-016
1.77 4.2264e-016
1.771 4.14271e-016
1.772 4.06068e-016
1.773 3.98027e-016
1.774 3.90145e-016
1.775 3.8242e-016
1.776 3.74848e-016
1.777 3.67425e-016
1.778 3.6015e-016
1.779 3.53018e-016
1.78 3.46028e-016
1.781 3.39176e-016
1.782 3.3246e-016
1.783 3.25877e-016
1.784 3.19424e-016
1.785 3.13099e-016
1.786 3.06899e-016
1.787 3.00822e-016
1.788 2.94866e-016
1.789 2.89027e-016
1.79 2.83304e-016
1.791 2.77694e-016
1.792 2.72195e-016
1.793 2.66805e-016
1.794 2.61522e-016
1.795 2.56344e-016
1.796 2.51268e-016
1.797 2.46292e-016
1.798 2.41415e-016
1.799 2.36635e-016
1.8 2.31949e-016
1.801 2.27357e-016
1.802 2.22855e-016
1.803 2.18442e-016
1.804 2.14116e-016
1.805 2.09877e-016
1.806 2.05721e-016
1.807 2.01647e-016
1.808 1.97654e-016
1.809 1.9374e-016
1.81 1.89904e-016
1.811 1.86144e-016
1.812 1.82458e-016
1.813 1.78845e-016
1.814 1.75304e-016
1.815 1.71832e-016
1.816 1.6843e-016
1.817 1.65095e-016
1.818 1.61826e-016
1.819 1.58621e-016
1.82 1.5548e-016
1.821 1.52402e-016
1.822 1.49384e-016
1.823 1.46426e-016
1.824 1.43526e-016
1.825 1.40684e-016
1.826 1.37899e-016
1.827 1.35168e-016
1.828 1.32492e-016
1.829 1.29868e-016
1.83 1.27297e-016
1.831 1.24776e-016
1.832 1.22305e-016
1.833 1.19883e-016
1.834 1.1751e-016
1.835 1.15183e-016
1.836 1.12902e-016
1.837 1.10666e-016
1.838 1.08475e-016
1.839 1.06327e-016
1.84 1.04222e-016
1.841 1.02158e-016
1.842 1.00135e-016
1.843 9.81522e-017
1.844 9.62086e-017
1.845 9.43036e-017
1.846 9.24362e-017
1.847 9.06059e-017
1.848 8.88118e-017
1.849 8.70532e-017
1.85 8.53294e-017
1.851 8.36398e-017
1.852 8.19836e-017
1.853 8.03602e-017
1.854 7.8769e-017
1.855 7.72092e-017
1.856 7.56804e-017
1.857 7.41818e-017
1.858 7.27129e-017
1.859 7.12731e-017
1.86 6.98618e-017
1.861 6.84784e-017
1.862 6.71225e-017
1.863 6.57934e-017
1.864 6.44906e-017
1.865 6.32136e-017
1.866 6.19619e-017
1.867 6.07349e-017
1.868 5.95323e-017
1.869 5.83535e-017
1.87 5.7198e-017
1.871 5.60654e-017
1.872 5.49552e-017
1.873 5.38671e-017
1.874 5.28004e-017
1.875 5.17549e-017
1.876 5.07301e-017
1.877 4.97256e-017
1.878 4.87409e-017
1.879 4.77758e-017
1.88 4.68298e-017
1.881 4.59025e-017
1.882 4.49935e-017
1.883 4.41026e-017
1.884 4.32293e-017
1.885 4.23733e-017
1.886 4.15343e-017
1.887 4.07118e-017
1.888 3.99057e-017
1.889 3.91155e-017
1.89 3.8341e-017
1.891 3.75818e-017
1.892 3.68376e-017
1.893 3.61082e-017
1.894 3.53932e-017
1.895 3.46923e-017
1.896 3.40054e-017
1.897 3.3332e-017
1.898 3.2672e-017
1.899 3.20251e-017
1.9 3.13909e-017
1.901 3.07693e-017
1.902 3.01601e-017
1.903 2.95629e-017
1.904 2.89775e-017
1.905 2.84037e-017
1.906 2.78413e-017
1.907 2.729e-017
1.908 2.67496e-017
1.909 2.62199e-017
1.91 2.57007e-017
1.911 2.51918e-017
1.912 2.4693e-017
1.913 2.4204e-017
1.914 2.37247e-017
1.915 2.3255e-017
1.916 2.27945e-017
1.917 2.23431e-017
1.918 2.19007e-017
1.919 2.1467e-017
1.92 2.1042e-017
1.921 2.06253e-017
1.922 2.02169e-017
1.923 1.98166e-017
1.924 1.94242e-017
1.925 1.90396e-017
1.926 1.86625e-017
1.927 1.8293e-017
1.928 1.79308e-017
1.929 1.75757e-017
1.93 1.72277e-017
1.931 1.68866e-017
1.932 1.65522e-017
1.933 1.62244e-017
1.934 1.59032e-017
1.935 1.55883e-017
1.936 1.52796e-017
1.937 1.4977e-017
1.938 1.46805e-017
1.939 1.43898e-017
1.94 1.41048e-017
1.941 1.38256e-017
1.942 1.35518e-017
1.943 1.32834e-017
1.944 1.30204e-017
1.945 1.27626e-017
1.946 1.25099e-017
1.947 1.22622e-017
1.948 1.20194e-017
1.949 1.17814e-017
1.95 1.15481e-017
1.951 1.13194e-017
1.952 1.10953e-017
1.953 1.08756e-017
1.954 1.06602e-017
1.955 1.04491e-017
1.956 1.02422e-017
1.957 1.00394e-017
1.958 9.84062e-018
1.959 9.64576e-018
1.96 9.45476e-018
1.961 9.26754e-018
1.962 9.08403e-018
1.963 8.90416e-018
1.964 8.72784e-018
1.965 8.55502e-018
1.966 8.38562e-018
1.967 8.21957e-018
1.968 8.05682e-018
1.969 7.89728e-018
1.97 7.7409e-018
1.971 7.58762e-018
1.972 7.43738e-018
1.973 7.29011e-018
1.974 7.14575e-018
1.975 7.00426e-018
1.976 6.86556e-018
1.977 6.72962e-018
1.978 6.59636e-018
1.979 6.46575e-018
1.98 6.33771e-018
1.981 6.21222e-018
1.982 6.08921e-018
1.983 5.96863e-018
1.984 5.85045e-018
1.985 5.7346e-018
1.986 5.62105e-018
1.987 5.50974e-018
1.988 5.40064e-018
1.989 5.2937e-018
1.99 5.18888e-018
1.991 5.08613e-018
1.992 4.98542e-018
1.993 4.8867e-018
1.994 4.78994e-018
1.995 4.69509e-018
1.996 4.60212e-018
1.997 4.511e-018
1.998 4.42167e-018
1.999 4.33412e-018
2 4.2483e-018
2.001 4.16417e-018
2.002 4.08172e-018
2.003 4.0009e-018
2.004 3.92167e-018
2.005 3.84402e-018
2.006 3.7679e-018
2.007 3.69329e-018
2.008 3.62016e-018
2.009 3.54848e-018
2.01 3.47821e-018
2.011 3.40934e-018
2.012 3.34183e-018
2.013 3.27566e-018
2.014 3.21079e-018
2.015 3.14722e-018
2.016 3.0849e-018
2.017 3.02381e-018
2.018 2.96394e-018
2.019 2.90525e-018
2.02 2.84772e-018
2.021 2.79133e-018
2.022 2.73606e-018
2.023 2.68188e-018
2.024 2.62878e-018
2.025 2.57672e-018
2.026 2.5257e-018
2.027 2.47569e-018
2.028 2.42667e-018
2.029 2.37861e-018
2.03 2.33151e-018
2.031 2.28535e-018
2.032 2.24009e-018
2.033 2.19574e-018
2.034 2.15226e-018
2.035 2.10964e-018
2.036 2.06787e-018
2.037 2.02692e-018
2.038 1.98679e-018
2.039 1.94744e-018
2.04 1.90888e-018
2.041 1.87108e-018
2.042 1.83403e-018
2.043 1.79772e-018
2.044 1.76212e-018
2.045 1.72723e-018
2.046 1.69303e-018
2.047 1.6595e-018
2.048 1.62664e-018
2.049 1.59443e-018
2.05 1.56286e-018
2.051 1.53191e-018
2.052 1.50158e-018
2.053 1.47185e-018
2.054 1.4427e-018
2.055 1.41413e-018
2.056 1.38613e-018
2.057 1.35869e-018
2.058 1.33178e-018
2.059 1.30541e-018
2.06 1.27956e-018
2.061 1.25422e-018
2.062 1.22939e-018
2.063 1.20505e-018
2.064 1.18118e-018
2.065 1.1578e-018
2.066 1.13487e-018
2.067 1.1124e-018
2.068 1.09037e-018
2.069 1.06878e-018
2.07 1.04762e-018
2.071 1.02687e-018
2.072 1.00654e-018
2.073 9.86608e-019
2.074 9.67072e-019
2.075 9.47923e-019
2.076 9.29153e-019
2.077 9.10754e-019
2.078 8.9272e-019
2.079 8.75043e-019
2.08 8.57716e-019
2.081 8.40732e-019
2.082 8.24084e-019
2.083 8.07766e-019
2.084 7.91771e-019
2.085 7.76093e-019
2.086 7.60726e-019
2.087 7.45662e-019
2.088 7.30897e-019
2.089 7.16424e-019
2.09 7.02238e-019
2.091 6.88333e-019
2.092 6.74703e-019
2.093 6.61343e-019
2.094 6.48248e-019
2.095 6.35411e-019
2.096 6.22829e-019
2.097 6.10497e-019
2.098 5.98408e-019
2.099 5.86559e-019
2.1 5.74944e-019
2.101 5.63559e-019
2.102 5.524e-019
2.103 5.41462e-019
2.104 5.3074e-019
2.105 5.20231e-019
2.106 5.0993e-019
2.107 4.99832e-019
2.108 4.89935e-019
2.109 4.80234e-019
2.11 4.70724e-019
2.111 4.61403e-019
2.112 4.52267e-019
2.113 4.43311e-019
2.114 4.34533e-019
2.115 4.25929e-019
2.116 4.17495e-019
2.117 4.09228e-019
2.118 4.01125e-019
2.119 3.93182e-019
2.12 3.85396e-019
2.121 3.77765e-019
2.122 3.70285e-019
2.123 3.62953e-019
2.124 3.55766e-019
2.125 3.48721e-019
2.126 3.41816e-019
2.127 3.35048e-019
2.128 3.28413e-019
2.129 3.2191e-019
2.13 3.15536e-019
2.131 3.09288e-019
2.132 3.03164e-019
2.133 2.97161e-019
2.134 2.91276e-019
2.135 2.85509e-019
2.136 2.79855e-019
2.137 2.74314e-019
2.138 2.68882e-019
2.139 2.63558e-019
2.14 2.58339e-019
2.141 2.53223e-019
2.142 2.48209e-019
2.143 2.43294e-019
2.144 2.38477e-019
2.145 2.33755e-019
2.146 2.29126e-019
2.147 2.24589e-019
2.148 2.20142e-019
2.149 2.15783e-019
2.15 2.1151e-019
2.151 2.07322e-019
2.152 2.03217e-019
2.153 1.99193e-019
2.154 1.95248e-019
2.155 1.91382e-019
2.156 1.87593e-019
2.157 1.83878e-019
2.158 1.80237e-019
2.159 1.76668e-019
2.16 1.7317e-019
2.161 1.69741e-019
2.162 1.6638e-019
2.163 1.63085e-019
2.164 1.59856e-019
2.165 1.5669e-019
2.166 1.53588e-019
2.167 1.50547e-019
2.168 1.47566e-019
2.169 1.44644e-019
2.17 1.41779e-019
2.171 1.38972e-019
2.172 1.3622e-019
2.173 1.33523e-019
2.174 1.30879e-019
2.175 1.28287e-019
2.176 1.25747e-019
2.177 1.23257e-019
2.178 1.20816e-019
2.179 1.18424e-019
2.18 1.16079e-019
2.181 1.13781e-019
2.182 1.11528e-019
2.183 1.09319e-019
2.184 1.07155e-019
2.185 1.05033e-019
2.186 1.02953e-019
2.187 1.00914e-019
2.188 9.89161e-020
2.189 9.69574e-020
2.19 9.50376e-020
2.191 9.31557e-020
2.192 9.13111e-020
2.193 8.9503e-020
2.194 8.77307e-020
2.195 8.59935e-020
2.196 8.42907e-020
2.197 8.26217e-020
2.198 8.09857e-020
2.199 7.9382e-020
2.2 7.78102e-020
2.201 7.62694e-020
2.202 7.47592e-020
2.203 7.32789e-020
2.204 7.18278e-020
2.205 7.04055e-020
2.206 6.90114e-020
2.207 6.76449e-020
2.208 6.63054e-020
2.209 6.49925e-020
2.21 6.37056e-020
2.211 6.24441e-020
2.212 6.12076e-020
2.213 5.99956e-020
2.214 5.88077e-020
2.215 5.76432e-020
2.216 5.65018e-020
2.217 5.5383e-020
2.218 5.42863e-020
2.219 5.32114e-020
2.22 5.21577e-020
2.221 5.11249e-020
2.222 5.01126e-020
2.223 4.91203e-020
2.224 4.81476e-020
2.225 4.71942e-020
2.226 4.62597e-020
2.227 4.53437e-020
2.228 4.44459e-020
2.229 4.35658e-020
2.23 4.27031e-020
2.231 4.18575e-020
2.232 4.10287e-020
2.233 4.02163e-020
2.234 3.94199e-020
2.235 3.86394e-020
2.236 3.78743e-020
2.237 3.71243e-020
2.238 3.63892e-020
2.239 3.56686e-020
2.24 3.49624e-020
2.241 3.427e-020
2.242 3.35915e-020
2.243 3.29263e-020
2.244 3.22743e-020
2.245 3.16352e-020
2.246 3.10088e-020
2.247 3.03948e-020
2.248 2.97929e-020
2.249 2.9203e-020
2.25 2.86247e-020
2.251 2.80579e-020
2.252 2.75024e-020
2.253 2.69578e-020
2.254 2.6424e-020
2.255 2.59007e-020
2.256 2.53879e-020
2.257 2.48852e-020
2.258 2.43924e-020
2.259 2.39094e-020
2.26 2.3436e-020
2.261 2.29719e-020
2.262 2.2517e-020
2.263 2.20712e-020
2.264 2.16341e-020
2.265 2.12057e-020
2.266 2.07858e-020
2.267 2.03742e-020
2.268 1.99708e-020
2.269 1.95754e-020
2.27 1.91877e-020
2.271 1.88078e-020
2.272 1.84354e-020
2.273 1.80703e-020
2.274 1.77125e-020
2.275 1.73618e-020
2.276 1.7018e-020
2.277 1.6681e-020
2.278 1.63507e-020
2.279 1.60269e-020
2.28 1.57096e-020
2.281 1.53985e-020
2.282 1.50936e-020
2.283 1.47947e-020
2.284 1.45018e-020
2.285 1.42146e-020
2.286 1.39332e-020
2.287 1.36573e-020
2.288 1.33868e-020
2.289 1.31218e-020
2.29 1.28619e-020
2.291 1.26072e-020
2.292 1.23576e-020
2.293 1.21129e-020
2.294 1.18731e-020
2.295 1.1638e-020
2.296 1.14075e-020
2.297 1.11816e-020
2.298 1.09602e-020
2.299 1.07432e-020
2.3 1.05305e-020
2.301 1.03219e-020
2.302 1.01175e-020
2.303 9.91721e-021
2.304 9.72083e-021
2.305 9.52835e-021
2.306 9.33967e-021
2.307 9.15474e-021
2.308 8.97346e-021
2.309 8.79577e-021
2.31 8.62161e-021
2.311 8.45089e-021
2.312 8.28355e-021
2.313 8.11952e-021
2.314 7.95874e-021
2.315 7.80115e-021
2.316 7.64668e-021
2.317 7.49526e-021
2.318 7.34685e-021
2.319 7.20137e-021
2.32 7.05877e-021
2.321 6.919e-021
2.322 6.78199e-021
2.323 6.6477e-021
2.324 6.51607e-021
2.325 6.38704e-021
2.326 6.26057e-021
2.327 6.1366e-021
2.328 6.01509e-021
2.329 5.89598e-021
2.33 5.77923e-021
2.331 5.6648e-021
2.332 5.55263e-021
2.333 5.44268e-021
2.334 5.33491e-021
2.335 5.22927e-021
2.336 5.12572e-021
2.337 5.02422e-021
2.338 4.92474e-021
2.339 4.82722e-021
2.34 4.73164e-021
2.341 4.63794e-021
2.342 4.54611e-021
2.343 4.45609e-021
2.344 4.36785e-021
2.345 4.28136e-021
2.346 4.19658e-021
2.347 4.11349e-021
2.348 4.03203e-021
2.349 3.95219e-021
2.35 3.87394e-021
2.351 3.79723e-021
2.352 3.72204e-021
2.353 3.64834e-021
2.354 3.57609e-021
2.355 3.50528e-021
2.356 3.43587e-021
2.357 3.36784e-021
2.358 3.30115e-021
2.359 3.23578e-021
2.36 3.17171e-021
2.361 3.10891e-021
2.362 3.04735e-021
2.363 2.987e-021
2.364 2.92786e-021
2.365 2.86988e-021
2.366 2.81305e-021
2.367 2.75735e-021
2.368 2.70275e-021
2.369 2.64923e-021
2.37 2.59678e-021
2.371 2.54536e-021
2.372 2.49496e-021
2.373 2.44555e-021
2.374 2.39713e-021
2.375 2.34966e-021
2.376 2.30313e-021
2.377 2.25753e-021
2.378 2.21283e-021
2.379 2.16901e-021
2.38 2.12606e-021
2.381 2.08396e-021
2.382 2.0427e-021
2.383 2.00225e-021
2.384 1.9626e-021
2.385 1.92374e-021
2.386 1.88565e-021
2.387 1.84831e-021
2.388 1.81171e-021
2.389 1.77584e-021
2.39 1.74067e-021
2.391 1.7062e-021
2.392 1.67242e-021
2.393 1.6393e-021
2.394 1.60684e-021
2.395 1.57502e-021
2.396 1.54384e-021
2.397 1.51327e-021
2.398 1.4833e-021
2.399 1.45393e-021
2.4 1.42514e-021
2.401 1.39692e-021
2.402 1.36926e-021
2.403 1.34215e-021
2.404 1.31557e-021
2.405 1.28952e-021
2.406 1.26399e-021
2.407 1.23896e-021
2.408 1.21442e-021
2.409 1.19038e-021
2.41 1.16681e-021
2.411 1.1437e-021
2.412 1.12106e-021
2.413 1.09886e-021
2.414 1.0771e-021
2.415 1.05577e-021
2.416 1.03486e-021
2.417 1.01437e-021
2.418 9.94287e-022
2.419 9.74599e-022
2.42 9.553e-022
2.421 9.36384e-022
2.422 9.17843e-022
2.423 8.99668e-022
2.424 8.81853e-022
2.425 8.64392e-022
2.426 8.47275e-022
2.427 8.30498e-022
2.428 8.14053e-022
2.429 7.97934e-022
2.43 7.82134e-022
2.431 7.66646e-022
2.432 7.51466e-022
2.433 7.36586e-022
2.434 7.22e-022
2.435 7.07704e-022
2.436 6.9369e-022
2.437 6.79954e-022
2.438 6.6649e-022
2.439 6.53293e-022
2.44 6.40357e-022
2.441 6.27677e-022
2.442 6.15248e-022
2.443 6.03065e-022
2.444 5.91124e-022
2.445 5.79419e-022
2.446 5.67946e-022
2.447 5.567e-022
2.448 5.45676e-022
2.449 5.34871e-022
2.45 5.2428e-022
2.451 5.13898e-022
2.452 5.03723e-022
2.453 4.93748e-022
2.454 4.83971e-022
2.455 4.74388e-022
2.456 4.64995e-022
2.457 4.55787e-022
2.458 4.46762e-022
2.459 4.37915e-022
2.46 4.29244e-022
2.461 4.20744e-022
2.462 4.12413e-022
2.463 4.04247e-022
2.464 3.96242e-022
2.465 3.88396e-022
2.466 3.80705e-022
2.467 3.73167e-022
2.468 3.65778e-022
2.469 3.58535e-022
2.47 3.51435e-022
2.471 3.44476e-022
2.472 3.37655e-022
2.473 3.30969e-022
2.474 3.24416e-022
2.475 3.17992e-022
2.476 3.11695e-022
2.477 3.05523e-022
2.478 2.99473e-022
2.479 2.93543e-022
2.48 2.87731e-022
2.481 2.82033e-022
2.482 2.76449e-022
2.483 2.70975e-022
2.484 2.65609e-022
2.485 2.6035e-022
2.486 2.55194e-022
2.487 2.50141e-022
2.488 2.45188e-022
2.489 2.40333e-022
2.49 2.35574e-022
2.491 2.30909e-022
2.492 2.26337e-022
2.493 2.21855e-022
2.494 2.17462e-022
2.495 2.13156e-022
2.496 2.08935e-022
2.497 2.04798e-022
2.498 2.00743e-022
2.499 1.96768e-022
2.5 1.92872e-022
2.501 1.89053e-022
2.502 1.85309e-022
2.503 1.8164e-022
2.504 1.78043e-022
2.505 1.74518e-022
2.506 1.71062e-022
2.507 1.67675e-022
2.508 1.64354e-022
2.509 1.611e-022
2.51 1.5791e-022
2.511 1.54783e-022
2.512 1.51718e-022
2.513 1.48714e-022
2.514 1.45769e-022
2.515 1.42883e-022
2.516 1.40054e-022
2.517 1.3728e-022
2.518 1.34562e-022
2.519 1.31898e-022
2.52 1.29286e-022
2.521 1.26726e-022
2.522 1.24216e-022
2.523 1.21757e-022
2.524 1.19346e-022
2.525 1.16983e-022
2.526 1.14666e-022
2.527 1.12396e-022
2.528 1.1017e-022
2.529 1.07989e-022
2.53 1.0585e-022
2.531 1.03754e-022
2.532 1.017e-022
2.533 9.9686e-023
2.534 9.77121e-023
2.535 9.57772e-023
2.536 9.38807e-023
2.537 9.20218e-023
2.538 9.01996e-023
2.539 8.84135e-023
2.54 8.66628e-023
2.541 8.49468e-023
2.542 8.32647e-023
2.543 8.1616e-023
2.544 7.99999e-023
2.545 7.84158e-023
2.546 7.6863e-023
2.547 7.5341e-023
2.548 7.38492e-023
2.549 7.23869e-023
2.55 7.09535e-023
2.551 6.95485e-023
2.552 6.81714e-023
2.553 6.68215e-023
2.554 6.54983e-023
2.555 6.42014e-023
2.556 6.29301e-023
2.557 6.1684e-023
2.558 6.04626e-023
2.559 5.92654e-023
2.56 5.80918e-023
2.561 5.69415e-023
2.562 5.5814e-023
2.563 5.47088e-023
2.564 5.36255e-023
2.565 5.25637e-023
2.566 5.15228e-023
2.567 5.05026e-023
2.568 4.95026e-023
2.569 4.85224e-023
2.57 4.75616e-023
2.571 4.66198e-023
2.572 4.56966e-023
2.573 4.47918e-023
2.574 4.39049e-023
2.575 4.30355e-023
2.576 4.21833e-023
2.577 4.1348e-023
2.578 4.05293e-023
2.579 3.97267e-023
2.58 3.89401e-023
2.581 3.8169e-023
2.582 3.74132e-023
2.583 3.66724e-023
2.584 3.59462e-023
2.585 3.52345e-023
2.586 3.45368e-023
2.587 3.38529e-023
2.588 3.31826e-023
2.589 3.25255e-023
2.59 3.18815e-023
2.591 3.12502e-023
2.592 3.06314e-023
2.593 3.00248e-023
2.594 2.94303e-023
2.595 2.88475e-023
2.596 2.82763e-023
2.597 2.77164e-023
2.598 2.71676e-023
2.599 2.66296e-023
2.6 2.61023e-023
2.601 2.55855e-023
2.602 2.50788e-023
2.603 2.45822e-023
2.604 2.40955e-023
2.605 2.36184e-023
2.606 2.31507e-023
2.607 2.26923e-023
2.608 2.22429e-023
2.609 2.18025e-023
2.61 2.13708e-023
2.611 2.09476e-023
2.612 2.05328e-023
2.613 2.01262e-023
2.614 1.97277e-023
2.615 1.93371e-023
2.616 1.89542e-023
2.617 1.85789e-023
2.618 1.8211e-023
2.619 1.78504e-023
2.62 1.74969e-023
2.621 1.71505e-023
2.622 1.68108e-023
2.623 1.6478e-023
2.624 1.61517e-023
2.625 1.58319e-023
2.626 1.55184e-023
2.627 1.52111e-023
2.628 1.49099e-023
2.629 1.46146e-023
2.63 1.43253e-023
2.631 1.40416e-023
2.632 1.37636e-023
2.633 1.3491e-023
2.634 1.32239e-023
2.635 1.2962e-023
2.636 1.27054e-023
2.637 1.24538e-023
2.638 1.22072e-023
2.639 1.19655e-023
2.64 1.17285e-023
2.641 1.14963e-023
2.642 1.12686e-023
2.643 1.10455e-023
2.644 1.08268e-023
2.645 1.06124e-023
2.646 1.04023e-023
2.647 1.01963e-023
2.648 9.99439e-024
2.649 9.79649e-024
2.65 9.60251e-024
2.651 9.41237e-024
2.652 9.22599e-024
2.653 9.0433e-024
2.654 8.86423e-024
2.655 8.68871e-024
2.656 8.51666e-024
2.657 8.34802e-024
2.658 8.18272e-024
2.659 8.02069e-024
2.66 7.86187e-024
2.661 7.70619e-024
2.662 7.5536e-024
2.663 7.40403e-024
2.664 7.25742e-024
2.665 7.11371e-024
2.666 6.97285e-024
2.667 6.83478e-024
2.668 6.69944e-024
2.669 6.56678e-024
2.67 6.43675e-024
2.671 6.3093e-024
2.672 6.18436e-024
2.673 6.06191e-024
2.674 5.94187e-024
2.675 5.82421e-024
2.676 5.70889e-024
2.677 5.59584e-024
2.678 5.48504e-024
2.679 5.37643e-024
2.68 5.26997e-024
2.681 5.16561e-024
2.682 5.06333e-024
2.683 4.96307e-024
2.684 4.86479e-024
2.685 4.76846e-024
2.686 4.67404e-024
2.687 4.58149e-024
2.688 4.49077e-024
2.689 4.40185e-024
2.69 4.31468e-024
2.691 4.22925e-024
2.692 4.1455e-024
2.693 4.06342e-024
2.694 3.98295e-024
2.695 3.90409e-024
2.696 3.82678e-024
2.697 3.75101e-024
2.698 3.67673e-024
2.699 3.60393e-024
2.7 3.53256e-024
2.701 3.46261e-024
2.702 3.39405e-024
2.703 3.32684e-024
2.704 3.26097e-024
2.705 3.1964e-024
2.706 3.1331e-024
2.707 3.07106e-024
2.708 3.01025e-024
2.709 2.95065e-024
2.71 2.89222e-024
2.711 2.83495e-024
2.712 2.77881e-024
2.713 2.72379e-024
2.714 2.66985e-024
2.715 2.61699e-024
2.716 2.56517e-024
2.717 2.51437e-024
2.718 2.46459e-024
2.719 2.41578e-024
2.72 2.36795e-024
2.721 2.32106e-024
2.722 2.2751e-024
2.723 2.23005e-024
2.724 2.18589e-024
2.725 2.14261e-024
2.726 2.10018e-024
2.727 2.0586e-024
2.728 2.01783e-024
2.729 1.97788e-024
2.73 1.93871e-024
2.731 1.90032e-024
2.732 1.86269e-024
2.733 1.82581e-024
2.734 1.78966e-024
2.735 1.75422e-024
2.736 1.71948e-024
2.737 1.68544e-024
2.738 1.65206e-024
2.739 1.61935e-024
2.74 1.58728e-024
2.741 1.55585e-024
2.742 1.52504e-024
2.743 1.49485e-024
2.744 1.46525e-024
2.745 1.43623e-024
2.746 1.40779e-024
2.747 1.37992e-024
2.748 1.35259e-024
2.749 1.32581e-024
2.75 1.29956e-024
2.751 1.27382e-024
2.752 1.2486e-024
2.753 1.22388e-024
2.754 1.19964e-024
2.755 1.17589e-024
2.756 1.1526e-024
2.757 1.12978e-024
2.758 1.10741e-024
2.759 1.08548e-024
2.76 1.06399e-024
2.761 1.04292e-024
2.762 1.02227e-024
2.763 1.00203e-024
2.764 9.82184e-025
2.765 9.62736e-025
2.766 9.43672e-025
2.767 9.24986e-025
2.768 9.0667e-025
2.769 8.88717e-025
2.77 8.71119e-025
2.771 8.5387e-025
2.772 8.36962e-025
2.773 8.20389e-025
2.774 8.04144e-025
2.775 7.88221e-025
2.776 7.72613e-025
2.777 7.57315e-025
2.778 7.42319e-025
2.779 7.2762e-025
2.78 7.13212e-025
2.781 6.99089e-025
2.782 6.85247e-025
2.783 6.71678e-025
2.784 6.58378e-025
2.785 6.45341e-025
2.786 6.32562e-025
2.787 6.20037e-025
2.788 6.07759e-025
2.789 5.95725e-025
2.79 5.83929e-025
2.791 5.72366e-025
2.792 5.61032e-025
2.793 5.49923e-025
2.794 5.39034e-025
2.795 5.2836e-025
2.796 5.17898e-025
2.797 5.07643e-025
2.798 4.97591e-025
2.799 4.87738e-025
2.8 4.7808e-025
2.801 4.68614e-025
2.802 4.59334e-025
2.803 4.50239e-025
2.804 4.41324e-025
2.805 4.32585e-025
2.806 4.24019e-025
2.807 4.15623e-025
2.808 4.07393e-025
2.809 3.99326e-025
2.81 3.91419e-025
2.811 3.83668e-025
2.812 3.76071e-025
2.813 3.68624e-025
2.814 3.61325e-025
2.815 3.54171e-025
2.816 3.47157e-025
2.817 3.40283e-025
2.818 3.33545e-025
2.819 3.26941e-025
2.82 3.20467e-025
2.821 3.14121e-025
2.822 3.07901e-025
2.823 3.01804e-025
2.824 2.95828e-025
2.825 2.8997e-025
2.826 2.84228e-025
2.827 2.786e-025
2.828 2.73084e-025
2.829 2.67676e-025
2.83 2.62376e-025
2.831 2.57181e-025
2.832 2.52088e-025
2.833 2.47096e-025
2.834 2.42204e-025
2.835 2.37408e-025
2.836 2.32707e-025
2.837 2.28099e-025
2.838 2.23582e-025
2.839 2.19155e-025
2.84 2.14815e-025
2.841 2.10562e-025
2.842 2.06392e-025
2.843 2.02305e-025
2.844 1.98299e-025
2.845 1.94373e-025
2.846 1.90524e-025
2.847 1.86751e-025
2.848 1.83053e-025
2.849 1.79429e-025
2.85 1.75876e-025
2.851 1.72393e-025
2.852 1.6898e-025
2.853 1.65634e-025
2.854 1.62354e-025
2.855 1.59139e-025
2.856 1.55988e-025
2.857 1.52899e-025
2.858 1.49871e-025
2.859 1.46904e-025
2.86 1.43995e-025
2.861 1.41144e-025
2.862 1.38349e-025
2.863 1.35609e-025
2.864 1.32924e-025
2.865 1.30292e-025
2.866 1.27712e-025
2.867 1.25183e-025
2.868 1.22704e-025
2.869 1.20275e-025
2.87 1.17893e-025
2.871 1.15559e-025
2.872 1.1327e-025
2.873 1.11028e-025
2.874 1.08829e-025
2.875 1.06674e-025
2.876 1.04562e-025
2.877 1.02491e-025
2.878 1.00462e-025
2.879 9.84726e-026
2.88 9.65227e-026
2.881 9.46114e-026
2.882 9.2738e-026
2.883 9.09016e-026
2.884 8.91017e-026
2.885 8.73373e-026
2.886 8.56079e-026
2.887 8.39128e-026
2.888 8.22512e-026
2.889 8.06225e-026
2.89 7.90261e-026
2.891 7.74613e-026
2.892 7.59274e-026
2.893 7.4424e-026
2.894 7.29503e-026
2.895 7.15058e-026
2.896 7.00898e-026
2.897 6.8702e-026
2.898 6.73416e-026
2.899 6.60081e-026
2.9 6.47011e-026
2.901 6.34199e-026
2.902 6.21641e-026
2.903 6.09332e-026
2.904 5.97266e-026
2.905 5.8544e-026
2.906 5.73847e-026
2.907 5.62484e-026
2.908 5.51346e-026
2.909 5.40429e-026
2.91 5.29728e-026
2.911 5.19238e-026
2.912 5.08957e-026
2.913 4.98879e-026
2.914 4.89e-026
2.915 4.79317e-026
2.916 4.69826e-026
2.917 4.60523e-026
2.918 4.51404e-026
2.919 4.42466e-026
2.92 4.33704e-026
2.921 4.25116e-026
2.922 4.16698e-026
2.923 4.08447e-026
2.924 4.00359e-026
2.925 3.92432e-026
2.926 3.84661e-026
2.927 3.77044e-026
2.928 3.69578e-026
2.929 3.6226e-026
2.93 3.55087e-026
2.931 3.48056e-026
2.932 3.41164e-026
2.933 3.34408e-026
2.934 3.27787e-026
2.935 3.21296e-026
2.936 3.14934e-026
2.937 3.08698e-026
2.938 3.02585e-026
2.939 2.96594e-026
2.94 2.90721e-026
2.941 2.84964e-026
2.942 2.79321e-026
2.943 2.7379e-026
2.944 2.68369e-026
2.945 2.63055e-026
2.946 2.57846e-026
2.947 2.5274e-026
2.948 2.47736e-026
2.949 2.4283e-026
2.95 2.38022e-026
2.951 2.33309e-026
2.952 2.28689e-026
2.953 2.24161e-026
2.954 2.19722e-026
2.955 2.15371e-026
2.956 2.11106e-026
2.957 2.06926e-026
2.958 2.02829e-026
2.959 1.98813e-026
2.96 1.94876e-026
2.961 1.91017e-026
2.962 1.87235e-026
2.963 1.83527e-026
2.964 1.79893e-026
2.965 1.76331e-026
2.966 1.72839e-026
2.967 1.69417e-026
2.968 1.66062e-026
2.969 1.62774e-026
2.97 1.59551e-026
2.971 1.56391e-026
2.972 1.53295e-026
2.973 1.50259e-026
2.974 1.47284e-026
2.975 1.44368e-026
2.976 1.41509e-026
2.977 1.38707e-026
2.978 1.3596e-026
2.979 1.33268e-026
2.98 1.30629e-026
2.981 1.28043e-026
2.982 1.25507e-026
2.983 1.23022e-026
2.984 1.20586e-026
2.985 1.18198e-026
2.986 1.15858e-026
2.987 1.13564e-026
2.988 1.11315e-026
2.989 1.09111e-026
2.99 1.0695e-026
2.991 1.04832e-026
2.992 1.02757e-026
2.993 1.00722e-026
2.994 9.87274e-027
2.995 9.67724e-027
2.996 9.48562e-027
2.997 9.29779e-027
2.998 9.11369e-027
2.999 8.93322e-027
3 8.75633e-027
