1 1 
0.969097 1.02955 
0.936378 1.05819 
0.901832 1.0859 
0.86545 1.11266 
0.827234 1.13846 
0.78719 1.16325 
0.745332 1.187 
0.701687 1.20967 
0.656291 1.23121 
0.609191 1.25155 
0.560448 1.27063 
0.510137 1.28837 
0.458348 1.3047 
0.405186 1.31953 
0.35077 1.33275 
0.295237 1.34428 
0.238738 1.35399 
0.181439 1.3618 
0.123517 1.36758 
0.0651635 1.37122 
0.00657888 1.37264 
-0.0520289 1.37172 
-0.110447 1.36837 
-0.168461 1.36252 
-0.225855 1.3541 
-0.28242 1.34306 
-0.337951 1.32936 
-0.392256 1.31298 
-0.44515 1.29394 
-0.496468 1.27225 
-0.546056 1.24797 
-0.59378 1.22115 
-0.639523 1.19189 
-0.683188 1.16028 
-0.724696 1.12644 
-0.763982 1.09052 
-0.801004 1.05264 
-0.835731 1.01298 
-0.868148 0.971689 
-0.898254 0.928938 
-0.926056 0.884895 
-0.951573 0.839733 
-0.974831 0.793618 
-0.995862 0.746717 
-1.0147 0.699191 
-1.0314 0.651194 
-1.04598 0.602873 
-1.05851 0.554369 
-1.06901 0.505812 
-1.07754 0.457327 
-1.08414 0.409026 
-1.08884 0.361014 
-1.09169 0.313389 
-1.09272 0.266237 
-1.09197 0.219639 
-1.08946 0.173665 
-1.08522 0.12838 
-1.07928 0.0838416 
-1.07166 0.0401007 
-1.06237 -0.0027977 
-1.05145 -0.0448135 
-1.03889 -0.0859113 
-1.02471 -0.12606 
-1.00893 -0.165232 
-0.991557 -0.203403 
-0.972595 -0.24055 
-0.952056 -0.276653 
-0.929948 -0.311693 
-0.906281 -0.345652 
-0.881064 -0.378511 
-0.85431 -0.410254 
-0.826032 -0.440861 
-0.796246 -0.470314 
-0.764971 -0.49859 
-0.73223 -0.525668 
-0.698051 -0.551523 
-0.662464 -0.576128 
-0.625508 -0.599453 
-0.587225 -0.621466 
-0.547665 -0.642133 
-0.506883 -0.661414 
-0.464944 -0.67927 
-0.421918 -0.695658 
-0.377882 -0.710531 
-0.332923 -0.723843 
-0.287134 -0.735544 
-0.240616 -0.745584 
-0.193476 -0.753913 
-0.145828 -0.760481 
-0.0977922 -0.76524 
-0.0494928 -0.768143 
-0.00105892 -0.769147 
0.0473777 -0.768215 
0.0956834 -0.765312 
0.143724 -0.760412 
0.191366 -0.753494 
0.238478 -0.744548 
0.284932 -0.733569 
0.330603 -0.720566 
0.375375 -0.705553 
0.419134 -0.688557 
0.461778 -0.669616 
0.503209 -0.648776 
0.543342 -0.626094 
0.582097 -0.601635 
0.619406 -0.575475 
0.65521 -0.547696 
0.689458 -0.518386 
0.722107 -0.487643 
0.753126 -0.455566 
0.782488 -0.42226 
0.810176 -0.387832 
0.836177 -0.352391 
0.860486 -0.316047 
0.883102 -0.278909 
0.904028 -0.241084 
0.923272 -0.202681 
0.940844 -0.163801 
0.956757 -0.124546 
0.971023 -0.0850121 
0.98366 -0.0452913 
0.994681 -0.00547143 
1.0041 0.0343645 
1.01194 0.0741386 
1.01821 0.113778 
1.02293 0.153215 
1.0261 0.192386 
1.02774 0.231233 
1.02787 0.269703 
1.02648 0.307748 
1.02358 0.345322 
1.01918 0.382385 
1.01328 0.4189 
1.00589 0.454835 
0.997005 0.490158 
0.986621 0.524842 
0.974737 0.558862 
0.961353 0.592194 
0.946463 0.624817 
0.930064 0.65671 
0.912152 0.687854 
0.892723 0.71823 
0.871776 0.747818 
0.849308 0.776598 
0.82532 0.804552 
0.799815 0.831656 
0.772797 0.857889 
0.744276 0.883224 
0.714264 0.907636 
0.68278 0.931094 
0.649845 0.953566 
0.615487 0.975015 
0.579743 0.995404 
0.542653 1.01469 
0.504268 1.03282 
0.464644 1.04976 
0.423847 1.06544 
0.381953 1.07982 
0.339045 1.09283 
0.295215 1.10441 
0.250564 1.1145 
0.205202 1.12303 
0.159246 1.12995 
0.112823 1.13518 
0.066062 1.13867 
0.0191018 1.14035 
-0.0279166 1.14017 
-0.0748487 1.13808 
-0.121548 1.13404 
-0.167869 1.12801 
-0.213665 1.11997 
-0.258796 1.10989 
-0.303122 1.09777 
-0.346513 1.08363 
-0.388842 1.06746 
-0.429993 1.0493 
-0.469857 1.02919 
-0.508336 1.00719 
-0.545342 0.983343 
-0.580797 0.957736 
-0.614633 0.930447 
-0.646794 0.901566 
-0.677232 0.871193 
-0.705911 0.839432 
-0.732801 0.806392 
-0.757883 0.772185 
-0.781146 0.736929 
-0.802582 0.70074 
-0.822193 0.663734 
-0.839984 0.626029 
-0.855965 0.587739 
-0.87015 0.548976 
-0.882555 0.50985 
-0.893199 0.470464 
-0.902101 0.43092 
-0.909284 0.391314 
-0.914769 0.351736 
-0.918578 0.312273 
-0.920734 0.273006 
-0.921257 0.23401 
-0.920169 0.195356 
-0.917491 0.15711 
-0.913241 0.119332 
-0.907439 0.0820783 
-0.900103 0.0454017 
-0.891249 0.00934993 
-0.880895 -0.0260324 
-0.869055 -0.0607043 
-0.855746 -0.0946275 
-0.840983 -0.127767 
-0.824782 -0.160088 
-0.807158 -0.191561 
-0.788127 -0.222155 
-0.767708 -0.251842 
-0.745918 -0.280594 
-0.722778 -0.308384 
-0.698309 -0.335185 
-0.672537 -0.36097 
-0.645487 -0.385713 
-0.61719 -0.409386 
-0.587679 -0.43196 
-0.55699 -0.453406 
-0.525165 -0.473695 
-0.492249 -0.492796 
-0.458291 -0.510676 
-0.423345 -0.527303 
-0.387471 -0.542642 
-0.350732 -0.556659 
-0.313198 -0.569319 
-0.274943 -0.580586 
-0.236044 -0.590425 
-0.196587 -0.5988 
-0.156657 -0.605678 
-0.116347 -0.611024 
-0.075752 -0.61481 
-0.0349697 -0.617005 
0.00589968 -0.617584 
0.0467542 -0.616525 
0.0874909 -0.613811 
0.128007 -0.609428 
0.1682 -0.603369 
0.207969 -0.595631 
0.247215 -0.586218 
0.285843 -0.575141 
0.323759 -0.562417 
0.360877 -0.54807 
0.397112 -0.532131 
0.432386 -0.514636 
0.466628 -0.495631 
0.499769 -0.475165 
0.531751 -0.453295 
0.562518 -0.430083 
0.592022 -0.405595 
0.620221 -0.379902 
0.647078 -0.35308 
0.672563 -0.325206 
0.696649 -0.29636 
0.719315 -0.266625 
0.740547 -0.236083 
0.760331 -0.204819 
0.778658 -0.172916 
0.795524 -0.140457 
0.810925 -0.107524 
0.824862 -0.0741954 
0.837336 -0.0405506 
0.84835 -0.00666466 
0.857908 0.0273895 
0.866015 0.0615419 
0.872678 0.0957258 
0.877903 0.129877 
0.881695 0.163936 
0.88406 0.197846 
0.885004 0.231551 
0.884533 0.265002 
0.882652 0.298152 
0.879365 0.330954 
0.874676 0.363369 
0.868589 0.395356 
0.861107 0.426879 
0.852233 0.457903 
0.841969 0.488395 
0.830319 0.518325 
0.817284 0.547664 
0.80287 0.576383 
0.787078 0.604454 
0.769915 0.631851 
0.751386 0.658547 
0.731499 0.684517 
0.710263 0.709733 
0.687691 0.734168 
0.663796 0.757794 
0.638596 0.780584 
0.612111 0.802505 
0.584367 0.823528 
0.555393 0.843619 
0.525222 0.862743 
0.493892 0.880864 
0.461448 0.897944 
0.427939 0.913942 
0.393421 0.928817 
