2 2
2 3 
0 1 
3 4
10 11  0  5 
 7  2  9  4 
 8  6  3  1 
3 4
10 10 10  5 
 7 10  9 10 
10  6  3 10 
4 3
10 11  0 
 5  7  2 
 9  4  8 
 6  3  1 
1 5
2 1 0 3 4 
10 5
42 27  1 35 26 
46  0 40 30 32 
 8 37 18 43  7 
12 14 11 33  2 
28 16 29 48  9 
21 38 49  6 17 
19 39  3 15 25 
13 44 23 36 31 
34 20 41 47 24 
 5 45 10  4 22 
10 5
42 27  1 35 26 
46  0 40 30 32 
 8 33 18 43  7 
12 14 11 33  2 
28 16 29 48  9 
21 33 49  6 17 
19 33  3 15 25 
13 44 22 36 31 
34 20 41 47 24 
 5 45 10  4 22 
50 50
 742 2027  892  101  435 1176 2246  850 1177  740  780 1732 2158 1587 1518 1443  157  312 2051 1814 1061 1233  843 1712 1352 2228  468 1793  376 1433  987 1392 1466 2214  627  779  498 1559 2321 1238 1199 1052 2256 2117 1208  242 1487  680 1519  226 
1401  730 1692 1082 1239  353  248 1265  969   43  575 1601  898 1546  968 1815  913 1628 1633 2144 2462 1453 2277 2058  673  315 1703 1242  858  499  159 1885 2394  696 2115  880  729 1698 1252  746  536  140  231  773 2167 1734 1970 2235 1023  341 
1820 1388 1671    2  253 2152  609  947  835  406 1415 1713  912 1451 2384 2374   83 1624  463 1826 2301   40  900  355 2139 1721 1709  695  757 1677 2279 1301 1560 1648 1565 1123  368 1108   25 1211  821 2381  106  117 1554 2293 1203 2356 1983   23 
  64  581   86  313 2458 1948  387 1156 1638 2183 1291  546  709 1956 2018  249   99 1746 1568 2091  276 1549  367   49 2366  799  458 1016 2445 1927  373 1790 1290 1774  994 1879 2232 1616 1809 1854 2017 2111  416 2270  165  563 2439 1334 1875 2473 
 324 1385  465  610 1723  330 1957 2222 1306  223 1610  806  427 1832 2056 1462 2059 1218 2494 2181  524 2341 2354  108  319  265  567 1516  442  220  698  490  853 1735 2447 2475 2258 1683 1736  550 2147  548 1387  540 1682 2097 2138  584 1331 2295 
 911  153   34  940 2322 1012 1170  694  232  616  908  338 1992  973 1618 1058  876  888   77  582 1959 2068  586 2242 1141 2204  650 1192  965  517 1172 2255 1504  948 2031 1278 1035  670  375  576 2177  626 1495  264 1607 2157  408 1053 1527 2311 
 630 1245 1611   48 2148 2396 1602 1552 1336 1555 1455 2479   50 1900  598 1287 1491  717  852  614 1300  554 2268 1711 1442   90 2190 1190  833 1987  250  134 1081 2290 1326 1488  440 1529 1360 1373 2346 1953 2378  262  186 1441 1479 1475  206  793 
1615 1859  160   28  461 1844   72 1416 1018  462 2013 2179 1286 2287 2409 2063  991 1184  623  890 2477 1445   13 1626  175  857 1367 1795 1235 1174 1901  871   47  962 1842  361 1536  712 1848 1056  832  572  845  862 1907 1340  146  336 1412 2178 
 655 1534 2218 2350 2327 1778  679 1881 2497 1261  658  452 1214 1964 1928 1649  918 2294 1949  624 1380 2390 1022  794 1655  786  763 2486  470 1867 1195 1226  350  983 1074 1594 2391  651  163 1726 1966  869 1514 1835  654 1230  902 2023 1728 1950 
1078 1478 2271  372  218  688  424  603 1281  676 1207 2174  464  826 2422  128 1523  266 2233  672  591 1011  530  403 1902 1295 1111 2210   60 1801   78  334  689 1418 1930  816  597 1472  437   36 2276 1903 1376 1031 2315 1657 1622 1121  537 1231 
 565  775 1044 1165 1999 1117 2248  923 1759 1912 2105 1320 1951 1311 2250  970 2318 1202  607 1547 1913 1680   63 1668 1180 1232 2102  690 1819 1437 2112 1365  151 2441 1805 1027 1650 1138 1850 2037  805 2172 2075 1533 1090   52 2267 1828 1324  526 
2057   75  281  332 1943 2004   51 1307 2032  885 1769 2126  270  639 2042  578  486 1060  558   56  521 1799 2410 1154  523  725 1224 2188 2399 1585  448 1934 1361  337 1379  894 1343 2120 2481  559 1522  839  747 2490 2196  633   71 1651  909 2089 
 177 2241   94 1484  388  889 1661 1467 1855 1766 2098 1142 2449 1686 1363 2252 1906 2450   73 1351  919 1500 1161 1609 1283  472  459  383 1447 2387 2284 1178 1256  587 2411 1409 1439   58 1163 1695 1273 1817 1511 2131 2261  764  467 1119 1440  450 
1662 1267 2382 1738 2386 1477 2420 2335  476 1998 2275 1863  577  645 1822  646 1583 2418 2110 1574 1126  715  113 1425  544  705  503  899 1259 1133 1572 2015  494 1578 1737 1292  959  681  675  240  212 1249 1006 1598  480  236  512 2417 1946  999 
2166 2189  596 1347  891  515 1454   37  219 2437  345  496  516  801 1026 1461 1893  660  180 1406 1526 2227  410 1342  419  301  975 1908  415 1645 1731 1931  708 1625 2020 1243 2487  754  562  613  703  481  585  132 2041 1000 2119 1685 1204  304 
1017 1919 2349 1691  116 2393  568  425 1764    1  528 2457 1833  107  748 1954 1054 2203 1784  809 1515  280  473 2016  119 1062 1282  896 1921  716  342 2280  960  732  982  942 1664 2361 1168 1429 2064  783 1994 1803 2286  555 1237 1643 2496  533 
2156  931  808 1063 1130 1702 1937 1048 1043  399 1494  469 1147  768  787   59 2033 2060  720  225 1014 1186 1538  299 1162 1825  413  385  656  995  737 1748  992 1389  198   67   21  997  188 2133 1941 1646  756  788 1464  227 2238 1125 2006  952 
1745 1116 1865 2046   46 1200  818  340 1548 2001  309 1749 1508 1676  123 1993 1175  471  505 2404  300 1889  363  966  193 1679 2283  256 2202 2492  814 1015  872  552 1502 1095 1755 1710   89  120 1434 1319  700  644   20 1234  511 1149 1481 1087 
 354 2182  986 1639 1275  964  275 1372  668  478 1985 1345 2448  861  409  135 1545 2067 1916 2363  210  272  398 1280 1517  800  282 1687  152  328  207 1739 1339   62 1151  245 1272 1603 1271  400  303   24 1349  863 2419 2340 2061 2065  828 2459 
 155  667 1933  293 2028 1720 1989  922 1248  979 1073 1781  305  674 1503 1977   30 1246 2249 2021  285  217  137  825 2373 2461  202 2199   54 1109 1316 1206  820  136  104  103 1452  172 1963    8 1354  726 1558  683 1761 2357 1920 1420  877  933 
2344  109   42  951 2070 2096  454  339  318  916 2364 1139 1160  600 2333  257 2427  150  657 1821 1013 2370  446 2375 2186 1744  495  365 1808 1146  255 1599 1456 1222  317  139 1492  661 1122 2288 1722 2247 2134  946 2012 1460   27 2073 1152 1465 
 893 1341 2163  261  887 1041 2434 1004 2114 1302 1029 2093  509  359 1107  110  601  631  428 1105  508 2219  939  147  479 1719  192 1008   39  422 1483 1028 1730  183 1708 1225 1673 2106 1080 2297  138 1228  154 2407 1404 1337 2305  497  750 2150 
 734 1575  316  704 1550 1040 1762 1407  929 1045 2269  608 2044 2395 2482 2289 2244 1802  766  778 1458   10 1136  360 1185 1444 1270  381 1424 1765  411 2090  105 1779 1047 1446 2454 1868 1071 1751 1776  643 1509 1861  417 1591 2377 2416 1088 1427 
 873  181  573  812  362 1974 1124  687  535 1079  347 2369  625 2101 1274 2426 1296 2465 2165 1840 1829  130 1002 2216 2480  895 1857 1510  475 2380  527 1066  710 1244 1589  635 1293 1021 2084 1135 1264 1926 1091 1606  274 1791  302  252 1763  663 
1150  819 2124 1688  967  224  612  615  294  351 2125 2336 1543 1507   16 2330  574 1313 2406 1693  222   80 1171  492 2415 1194  277 2215 1754  884   44   15 2274 1837   32  977  590  549  961  201 1114 1408 1770 1757  636 2206   74 1813 1046  439 
1539 2026 1653 1059  566 1348  518 1039 1800 1667 1217  753  235 1037  279  208  920  840 2155 2414  611  314 1371 1690 1338  771  784 2278  955  926  395  290  735  390 1438 1753  380 1866  810  936 1097 1689 1251   41  693  366   92 2299  308 2040 
2334 1520  405 2217 2483  126 1020 1382 1564 1904 1069  802 1050 1777 1193   85  343 2316 2145  532   53 2081 2024 1009  751  259 1794  638 2365 2151  781 2345 1038 1669 2282   81 1929 2331 1917 1582 1672 1330  197 1335  100 2245 1581  542 1874 1436 
 199 2460 2209 1684 2291 1807  493 2055 2499  917  485 2000  125  767  389 1729 1647  233  412  904 1085 1939 2003 1413 2456 1697 2493  744 1158 1269  283  377  796  685 1958 1410 1787 2469 1588  569  996  943 1824  326 1632  187 1849 1579  642  483 
1725  513 2264 2008 1103 1823 1841 1426   88 1128 2266  921  121 1181  310 2173 1836 2259 2229 2039 1862  721  401  804  431  692 1932  629   91  489 1247 1003 1971 1962 1182 2153  404  357   93 1886  665 1827 1100 2408  519  171 2123 1327  619  914 
2048  950 1852 1798 1642  432 1383  482  844 1279 1260  733 1644  501 1187  239 1384 2159 1922 1804 1640 1370 1947 2047   31 1220 1884 1967  927 1482 1419 2467 2130  749  189  724  298 1556   95 2435 2236 2325 2436  739 1665 1914 2362  284 2072 2372 
 238 2108 2488  785 2429 2432  297 1473  194 1167 1332  870 1049 1227 1120 2162  677  666 1329 1266  500   66 1797 1542  114  426  356 1368 1566  928 1328 1216 1474  507 1450 1377 2478  161 1631 1614    5 2440  711 1431  433  306 2485 1834 1391  115 
 455  564  185  954  713 1742 1621 1229  531 1604  755   33 1179   96  436  374   55 1191 1521 2262 1490 1942 2011  910 1788  331  671 2254 1894 2025 1981 1350 1577 2442  241 1663  659 1541  990 1592  423 2054 1428 1353  321 1127 1506  743 1240 2066 
2412 2122 1086 2379 2212 1838  229 2035  759 1145  158 1871  588   26    6 2306 1294 2231  653 1877 1936  370  792 2452 2307  402  937  149  807 1887 2468  803  474  686  534 2348  166  723 2358 1806 1528  934 1315  883 2243  998 2389  156 2317  841 
2421 1083 2337  595  164   14 2132 1309  718 1093 1033 2005 2265 2207 1055  628 2103 2118 1077  215 1104  782 1724 1535  407 1911 1131 1449   79    9  682  875  847  984 2281 1973 1986 1659 1524 1084 2332  307 1308  174  938  190 2324 1310  394  897 
1991 1398 1435 1285   87 1856  707 1700 2303 1253  211 2376 2099 2121  765  145 1396 2296 1463 1134 1525 2234  972   82 2187 2405 1576 1796  260  974  592  924 1888  599 1421 1573 1106  504 1042 1499  944 1212 1853  836  702  453 2368 1660  881  838 
2300 1727 2320 1613  349 1584 1597  988 1197 2169 1982 2472 1317   18 1476 2137 1699 1593  173 1898  386  205 1681  738 1750 1159 2446  127 1094  142 1988  291 1641 1414  791 2113 1869 2029 1952  251 1629 2213 1816 1571  980 2030 2342 1072    0 2019 
 602 1596 2198 1007  112 1468  859 2087  209 1169 1567 2225 1110  545 1767   29 2007 1277  447    4 1166 2171  813 1333 2100 1846  606 1493 1562  176  191  827  985  580  434 1257 1364  491 2079 1288  817 2224  556 1705 1395  824 1236 1378 1976 2308 
1485  292 1183 1674  829 2080 1346 2260 2304  867 1223 1896  571 1924 2038 2491 2092 2050 1318  358  449   19 1789 1092 1595  296 1198  882 1064 1843  989  271 2263   12  451  901  797 1148 2226  538 2069 2141 2433 2425 2043 1025   69 1359 1173 1096 
 604  727 1366  234 1505 2136 1321  878 1792 2352  594 1513 1990 1530 2197 1839 2464  551 1005 2413 1899  247  906  772  346 1221 1432 1733 1847  216 1188 1390  529  311 1760  731 1457 1219  522 1968 2052 1694 1164 2400  230 1118  669  418 1743  391 
1112 1157 1155 1880 1740 1298  652  860  254 2176 1654  831  510  868  958  178 1768  855 1630 2401  118 1411  196  460 2285  221  102  557 1532 1531 2142 1785 2220 2292 1890 1537  915 1619 1323 1569  397 1430  691  570  762  246  322 2402 1471 2076 
2273 2343 1113 2211  664 1032  930 1400  976  971  286 2451 1374  699 2168  856 1115  790 1356  618  170  648  379  761 1099 1873 1344 1786   61  706 1375 1612 1658 2424 2071 1189  122 1925 1945 1068 2367 1289  798 1070 2388 1512  879  903  752 1561 
2200  444  335 1076 1975  477  830 1304 1978 2082 1918 1782 2329 1019 1144 1001  237  143  131  162 2310 1297 2129 1399 1497  620 2180  487 1030 2149 1153 1910  214 1036 2237  502 1067 1771 1627 1209 2034 1940 2095 2353  837 1872 2319 2347  662  963 
  76  823 2086 1405  637 2053 1717 2194 2074  325  854  438 1215 2014  200 2431 1393 2062  414 1845  945 1057 1394 2195  520 1905  287 1580 2312 2471 1831 1605  561 1089 2135  795  993 1312 1747  295 2466 1241 1706 1250 2161  148  506 1883  849 1544 
   3 2338 1205 2323 1402  978 1758  770 1305 1965 1716 1314 1980 1325 1666  758   68 2154  719  268  441 1010 2314 1498 1891 2184  525 2484 1617   45  953  649  728 2160 2453  745  129  925  168  621 2127 1818  777 2170   11 1915 2191 1704 1979  244 
 263  553 1858 1783 1075 1140  697 1675 1469 2253 2240 2094 1923 2339  846  320 2326 2010 1137 1812    7  641  124 1969  443 1960 1276  182  213  864 1590 1024  364 2116 1129  647  484 2455 2251 2164 1258  907  323 1870 1741  382  851 2398 1448 2185 
1143 2205 1707  589 2302   70 1262  593 2489 2272  393 1895 2428  111 2309 1636  634 2328  289 1213 1355 1714 2140 2371  886  344 2443  949  539  228  179 1501  866  684  384 1752  327 2208  333  141 1358   98  981   84  195 1718 2088  678 1586 2036 
1772  369 2085 1715 2430 2498 1670 1034  617 2359 2257  874 1882  269 2474 1864 2423   97  736  560  278 1362 1470 1775  243  640 2223 2385 1459 2463 1102 1417 1570 1540  488  547  445   22  722  169  543   35  541  184  167 1496  579  392 1652 1210 
1254 2201  935 2470 1489 1635 2230  203 1897 2355 1268  267 2022 1403 1201 1369 2083  421  774  789 1600 1634  288 2077 2313 2175 1557  941 2002 1101 1773 2107  457  329  714 1623 2397 1656 1997 1961 2128 1810 1357 2193 1397 2104  352  822  466 1263 
2239  622 1563 1972 1132 1322 2495 1701   57  811 1255 2045 1065  430 1386  632  273   17 1480 2143 2298 1196 2444  957  842 1780 1678 2476 1051 2392 1860 2383 2009 2403 1608  605 1909 1944  905 2351 1423  144 2078 1551   38 1299 1876 1938 1620  932 
 420 1984 2221 1878  456 2109 1811 1422  865  429  776  583  378  769 2049 1637  760  258  514  204   65  371 2146 1996  701  133 1830  741 1892 2192 1303 1935 1098 1955 1696 2438 1486 1851 1756 1553 1995 2360  348  834  956 1381 1284  396  815  848 
50 50
 742 2027  892  101  435 1176 2246  850 1177  740  780 1732 2158 1587 1518 1443  157  312 2051 1814 1061 1233  843 1712 1352 2228  468 1793  376 1433  987 1392 1466 2214  627  779  498 1559 2321 1238 1199 1052 2256 2117 1208  242 1487  680 1519  226 
1401  730 1692 1082 1239  353  248 1265  969   43  575 1601  898 1546  968 1815  913 1628 1633 2144 2462 1453 2277 2058  673  315 1703 1242  858  499  159 1885 2394  696 2115  880  729 1698 1252  746  536  140  231  773 2167 1734 1970 2235 1023  341 
1820 1388 1671    1  253 2152  609  947  835  406 1415 1713  912 1451 2384 2374   83 1624  463 1826 2301   40  900  355 2139 1721 1709  695  757 1677 2279 1301 1560 1648 1565 1123  368 1108   25 1211  821 2381  106  117 1554 2293 1203 2356 1983   23 
  64  581   86  313 2458 1948  387 1156 1638 2183 1291  546  709 1956 2018  249   99 1746 1568 2091  276 1549  367   49 2366  799  458 1016 2445 1927  373 1790 1290 1774  994 1879 2232 1616 1809 1854 2017 2111  416 2270  165  563 2439 1334 1875 2473 
 324 1385  465  610 1723  330 1957 2222 1306  223 1610  806  427 1832 2056 1462 2059 1218 2494 2181  524 2341 2354  108  319  265  567 1516  442  220  698  490  853 1735 2447 2475 2258 1683 1736  550 2147  548 1387  540 1682 2097 2138  584 1331 2295 
 911  153   34  940 2322 1012 1170  694  232  616  908  338 1992  973 1618 1058  876  888   77  582 1959 2068  586 2242 1141 2204  650 1192  965  517 1172 2255 1504  948 2031 1278 1035  670  375  576 2177  626 1495  264 1607 2157  408 1053 1527 2311 
 630 1245 1611   48 2148 2396 1602 1552 1336 1555 1455 2479   50 1900  598 1287 1491  717  852  614 1300  554 2268 1711 1442   90 2190 1190  833 1987  250  134 1081 2290 1326 1488  440 1529 1360 1373 2346 1953 2378  262  186 1441 1479 1475  206  793 
1615 1859  160   28  461 1844   72 1416 1018  462 2013 2179 1286 2288 2409 2063  990 1184  623  890 2477 1445   13 1626  175  857 1367 1795 1235 1174 1901  871   47  962 1842  361 1536  712 1848 1056  832  572  845  862 1907 1340  146  336 1412 2178 
 655 1534 2218 2350 2327 1778  679 1881 2497 1261  658  452 1210 1964 1928 1649  918 2294 1949  624 1380 2390 1022  794 1655  786  763 2486  470 1867 1195 1226  350  983 1074 1594 2391  651  163 1726 1966  869 1514 1835  654 1230  902 2023 1728 1950 
1078 1478 2271  372  218  688  424  603 1281  676 1207 2174  464  826 2422  128 1523  266 2233  672  591 1011  530  403 1902 1295 1111 2210   60 1801   78  334  689 1418 1930  816  597 1472  437   36 2276 1903 1376 1031 2315 1657 1622 1121  537 1231 
 565  775 1044 1165 1999 1117 2248  923 1759 1912 2105 1320 1951 1311 2250  970 2318 1202  607 1547 1913 1680   63 1668 1180 1232 2102  690 1819 1437 2112 1365  151 2441 1805 1027 1650 1138 1850 2037  805 2172 2075 1533 1090   52 2267 1828 1324  526 
2057   75  281  332 1943 2004   51 1307 2032  885 1769 2126  270  639 2042  578  486 1060  558   56  521 1799 2410 1154  523  725 1224 2188 2399 1585  448 1934 1361  337 1379  894 1343 2120 2481  559 1522  839  747 2490 2196  633   71 1651  909 2089 
 177 2241   94 1484  388  889 1661 1467 1855 1766 2098 1142 2449 1686 1363 2252 1906 2450   73 1351  919 1500 1161 1609 1283  472  459  383 1447 2387 2284 1178 1256  587 2411 1409 1439   58 1163 1695 1273 1817 1511 2131 2261  764  467 1119 1440  450 
1662 1267 2382 1738 2386 1477 2420 2335  476 1998 2275 1863  577  645 1822  646 1583 2418 2110 1574 1126  715  113 1425  544  705  503  899 1259 1133 1572 2015  494 1578 1737 1292  959  681  675  240  212 1249 1006 1598  480  236  512 2417 1946  999 
2166 2189  596 1347  891  515 1454   37  219 2437  345  496  516  801 1026 1461 1893  660  180 1407 1526 2227  410 1342  419  301  975 1908  415 1645 1731 1931  708 1625 2020 1243 2487  754  562  613  703  481  585  132 2041 1000 2119 1685 1204  304 
1017 1919 2349 1691  116 2393  568  425 1764    1  528 2457 1833  107  748 1954 1054 2203 1784  809 1515  280  473 2016  119 1062 1282  896 1921  716  342 2280  960  732  982  942 1664 2361 1168 1429 2064  783 1994 1803 2286  555 1237 1643 2496  533 
2156  931  808 1063 1130 1702 1937 1048 1043  399 1494  469 1147  768  787   59 2033 2060  720  222 1014 1186 1538  299 1162 1825  413  385  656  995  737 1748  992 1389  198   67   21  997  188 2133 1941 1646  756  788 1464  227 2238 1125 2006  952 
1745 1116 1865 2046   46 1200  818  340 1548 2001  309 1749 1508 1676  123 1993 1175  471  505 2404  300 1889  363  966  193 1679 2283  256 2202 2492  814 1015  872  552 1502 1095 1755 1710   89  120 1434 1319  700  644   20 1234  511 1149 1481 1087 
 354 2182  986 1639 1275  964  275 1372  668  478 1985 1345 2448  861  409  135 1545 2067 1916 2363  210  272  398 1280 1517  800  282 1687  152  328  207 1739 1339   62 1151  245 1272 1603 1271  400  303   24 1349  863 2419 2340 2061 2065  828 2459 
 155  667 1933  293 2028 1720 1989  922 1248  979 1073 1781  305  674 1503 1977   30 1246 2249 2021  285  217  137  825 2373 2461  202 2199   54 1109 1316 1206  820  136  104  103 1452  172 1963    8 1354  726 1558  683 1761 2357 1920 1420  877  933 
2344  109   42  951 2070 2096  454  339  318  916 2364 1139 1160  600 2333  257 2427  150  657 1821 1013 2370  446 2375 2186 1744  495  365 1808 1146  255 1599 1456 1222  317  139 1492  661 1122 2288 1722 2247 2134  946 2012 1460   27 2073 1152 1465 
 893 1341 2163  261  887 1041 2434 1004 2114 1302 1029 2093  509  359 1107  110  601  631  428 1105  508 2219  939  147  479 1719  192 1008   39  422 1483 1028 1730  183 1708 1225 1673 2106 1080 2297  138 1228  154 2407 1404 1337 2305  497  750 2150 
 734 1575  316  704 1550 1040 1762 1407  929 1045 2269  608 2044 2395 2482 2289 2244 1802  766  778 1458   10 1136  360 1185 1444 1270  381 1424 1765  411 2090  105 1779 1047 1446 2454 1868 1071 1751 1776  643 1509 1861  417 1591 2377 2416 1088 1427 
 873  181  573  812  362 1974 1124  687  535 1079  347 2369  625 2101 1274 2426 1296 2465 2165 1840 1829  130 1002 2216 2480  895 1857 1510  475 2380  527 1066  710 1244 1589  635 1293 1021 2084 1135 1264 1926 1091 1606  274 1791  302  252 1763  663 
1150  819 2124 1688  967  224  612  615  294  351 2125 2336 1543 1507   16 2330  574 1313 2406 1693  222   80 1171  492 2415 1194  277 2215 1754  884   44   15 2274 1837   32  977  590  549  961  201 1114 1408 1770 1757  636 2206   74 1813 1046  439 
1539 2026 1653 1059  566 1348  518 1039 1800 1667 1217  753  235 1037  279  208  920  840 2155 2414  611  314 1371 1690 1338  771  784 2278  955  926  395  290  735  390 1438 1753  380 1866  810  936 1097 1689 1251   41  693  366   92 2299  308 2040 
2334 1520  405 2217 2483  126 1020 1382 1564 1904 1069  802 1050 1777 1193   85  343 2316 2145  532   53 2081 2024 1009  751  259 1794  638 2365 2151  781 2345 1038 1669 2282   81 1929 2331 1917 1582 1672 1330  197 1335  100 2245 1581  542 1874 1436 
 199 2460 2209 1684 2291 1807  493 2055 2499  917  485 2000  125  767  389 1729 1647  233  412  904 1085 1939 2003 1413 2456 1697 2493  744 1158 1269  283  377  796  685 1958 1410 1787 2469 1588  569  996  943 1824  326 1632  187 1849 1579  642  483 
1725  513 2264 2008 1103 1823 1841 1426   88 1128 2266  921  121 1181  310 2173 1836 2259 2229 2039 1862  721  401  804  431  692 1932  629   91  489 1247 1003 1971 1962 1182 2153  404  357   93 1886  665 1827 1100 2408  519  171 2123 1327  619  914 
2048  950 1852 1798 1642  432 1383  482  844 1279 1260  733 1644  501 1187  239 1384 2159 1922 1804 1640 1370 1947 2047   31 1220 1884 1967  927 1482 1419 2467 2130  749  189  724  298 1556   95 2435 2236 2325 2436  739 1665 1914 2362  284 2072 2372 
 238 2108 2488  785 2429 2432  297 1473  194 1167 1332  870 1049 1227 1120 2162  677  666 1329 1266  500   66 1797 1542  114  426  356 1368 1566  928 1328 1216 1474  507 1450 1377 2478  161 1631 1614    5 2440  711 1431  433  306 2485 1834 1391  115 
 455  564  185  954  713 1742 1621 1229  531 1604  755   33 1179   96  436  374   55 1191 1521 2262 1490 1942 2011  910 1788  331  671 2254 1894 2025 1981 1350 1577 2442  241 1663  659 1541  990 1592  423 2054 1428 1353  321 1127 1506  743 1240 2066 
2412 2122 1086 2379 2212 1838  229 2035  759 1145  158 1871  588   26    6 2306 1294 2231  653 1877 1936  370  792 2452 2307  402  937  149  807 1887 2468  803  474  686  534 2348  166  723 2358 1806 1528  934 1315  883 2243  998 2389  156 2317  841 
2421 1083 2337  595  164   14 2132 1309  718 1093 1033 2005 2265 2207 1055  628 2103 2118 1077  215 1104  782 1724 1535  407 1911 1131 1449   77    1  682  875  847  984 2281 1973 1986 1659 1524 1084 2332  307 1308  174  938  190 2324 1310  394  897 
1991 1398 1435 1285   87 1856  707 1700 2303 1253  211 2376 2099 2121  765  145 1396 2296 1463 1134 1525 2234  972   82 2187 2405 1576 1796  260  974  592  924 1888  599 1421 1573 1106  504 1042 1499  944 1212 1853  836  702  453 2368 1660  881  838 
2300 1727 2320 1613  349 1584 1597  988 1197 2169 1982 2472 1317   18 1476 2137 1699 1593  173 1898  386  205 1681  738 1750 1159 2446  127 1094  142 1988  291 1641 1414  791 2113 1869 2029 1952  251 1629 2213 1816 1571  980 2030 2342 1072    0 2019 
 602 1596 2198 1007  112 1468  859 2087  209 1169 1567 2225 1110  545 1767   29 2007 1277  447    4 1166 2171  813 1333 2100 1846  606 1493 1562  176  191  827  985  580  434 1257 1364  491 2079 1288  817 2224  556 1705 1395  824 1236 1378 1976 2308 
1485  292 1183 1674  829 2080 1346 2260 2304  867 1223 1896  571 1924 2038 2491 2092 2050 1318  358  449   19 1789 1092 1595  296 1198  882 1064 1843  989  271 2263   12  451  901  797 1148 2226  538 2069 2141 2433 2425 2043 1025   69 1359 1173 1096 
 604  727 1366  234 1505 2136 1321  878 1792 2352  594 1513 1990 1530 2197 1839 2464  551 1005 2413 1899  247  906  772  346 1221 1432 1733 1847  216 1188 1390  529  311 1760  731 1457 1219  522 1968 2052 1694 1164 2400  230 1118  669  418 1743  391 
1112 1157 1155 1880 1740 1298  652  860  254 2176 1654  831  510  868  958  178 1768  855 1630 2401  118 1411  196  460 2285  221  102  557 1532 1531 2142 1785 2220 2292 1890 1537  915 1619 1323 1569  397 1430  691  570  762  246  322 2402 1471 2076 
2273 2343 1113 2211  664 1032  930 1400  976  971  286 2451 1374  699 2168  856 1115  790 1356  618  170  648  379  761 1099 1873 1344 1786   61  706 1375 1612 1658 2424 2071 1189  122 1925 1945 1068 2367 1289  798 1070 2388 1512  879  903  752 1561 
2200  444  335 1076 1975  477  830 1304 1978 2082 1918 1782 2329 1019 1144 1001  237  143  131  162 2310 1297 2129 1399 1497  620 2180  487 1030 2149 1153 1910  214 1036 2237  502 1067 1771 1627 1209 2034 1940 2095 2353  837 1872 2319 2347  662  963 
  76  823 2086 1405  637 2053 1717 2194 2074  325  854  438 1215 2014  200 2431 1393 2062  414 1845  945 1057 1394 2195  520 1905  287 1580 2312 2471 1831 1605  561 1089 2135  795  993 1312 1747  295 2466 1241 1706 1250 2161  148  506 1883  849 1544 
   3 2338 1205 2323 1402  978 1758  770 1305 1965 1716 1314 1980 1325 1666  758   68 2154  719  268  441 1010 2314 1498 1891 2184  525 2484 1617   45  953  649  728 2160 2453  745  129  925  168  621 2127 1818  777 2170   11 1915 2191 1704 1979  244 
 263  553 1858 1783 1075 1140  697 1675 1469 2253 2240 2094 1923 2339  846  320 2326 2010 1137 1812    7  641  124 1969  443 1960 1276  182  213  864 1590 1024  364 2116 1129  647  484 2455 2251 2164 1258  907  323 1870 1741  382  851 2398 1448 2185 
1143 2205 1707  589 2302   70 1262  593 2489 2272  393 1895 2428  111 2309 1636  634 2328  289 1213 1355 1714 2140 2371  886  344 2443  949  539  228  179 1501  866  684  384 1752  327 2208  333  141 1358   98  981   84  195 1718 2088  678 1586 2036 
1772  369 2085 1715 2430 2498 1670 1034  617 2359 2257  874 1882  269 2474 1864 2423   97  736  560  278 1362 1470 1775  243  640 2223 2385 1459 2463 1102 1417 1570 1540  488  547  445   22  722  169  543   35  541  184  167 1496  579  392 1652 1210 
1254 2201  935 2470 1489 1635 2230  203 1897 2355 1268  267 2022 1403 1201 1369 2083  421  774  789 1600 1634  288 2077 2313 2175 1557  941 2002 1101 1773 2107  457  329  714 1623 2397 1656 1997 1961 2128 1810 1357 2193 1397 2104  352  822  466 1263 
2239  622 1563 1972 1132 1322 2495 1701   57  811 1255 2045 1065  430 1386  632  273   17 1480 2143 2298 1196 2444  957  842 1780 1678 2476 1051 2392 1860 2383 2009 2403 1608  605 1909 1944  905 2351 1423  144 2078 1551   38 1299 1876 1938 1620  932 
 420 1984 2221 1878  456 2109 1811 1422  865  429  776  583  378  769 2049 1637  760  258  514  204   65  371 2146 1996  701  133 1830  741 1892 2192 1303 1935 1098 1955 1696 2438 1486 1851 1756 1553 1995 2360  348  834  956 1381 1284  396  815  848 
100 100
 742 4527 8392 5101 7935 1176 4746 8350 1177 3350 8240 3280 4232 9658 1587 6518 1443  157 2812 7051 4314 8561 1233 8343 6712 1352 9728 7968 4293 7876 6433 5987 1392 3966 2214  627  779 5498 1559 2321 1238 8699 1052 9756 9617 8708 5242 8987 3180 1519  226 1401 5730 4192 8582 6239 2853 2748 8765  969   43 5575 6601  898 1546 3468 1815  913 4128 1633 8487 7144 7462 8953 7277 2058 3173  315 1703 3742  858  499  159 4385 9894  696 2115  880  729 9198 1252 8246 5696 3036  140 7731 9212 8273 9667 6734 
4470 7235 3523 5341 4320 8888 4171    2  253 2152  609 3447  835 7906 3915 9213  912 3951 2384 9874 5083 9124 7963 1826 2301 2540 8400 7855 4639 9221 4209 8195  757 9177 9779 1301 4060 1648 1565 6123  368 1108 5025 3711 8321 7381 2606  117 2583 9054 2293 1628 1203 4856 9483 7523 5064 5581 5086 2813 2458 4448 5387 3656 1638 7183 1291  546 3209 6956 9518 2726 7749 7599 9246 9068 7091 7776 4049 2867 7549 9866 5799  458 6016 4945 4427 2873 1790 8790 6774 5994 1879 9732 1616 1809 1854 4517 7115 9611 
 416 4770  165  563 4939 3834 1875 2473 2824 3885 2965 5610 9223 7830 4213 1957 2222 8806 5223 6610 3306  427 6638 6832 3195 9556 3962 2059 8718 2494 9681 3024 7341 7354 5108  319 7765 5567 4016 5442  220 5276 5698 2765 5490 8353 6735 7447 9975 9758 1683 1736 5550 7147 3048 6387 3040 6682 7097 9638 8084 6331 2295  911 2653 7534  940 2322 1012 8670 5694  232  616  908 2838 9770 9492 8473 1618 8558 3376 8552  888 2577 3082 9459 7068 8086 4742 6141 7204 3150 4019 1192 3465 1624 8017 3672 3953 9755 
1504 3448 9531 3778  746 1035 8170  375 3076 4677 3126 8995  576 2764 6607 6023 9657 5408 6053 9027 9811 3130 3109 7214 3745 6611   48 9648 2396 1602 1552 8836 9055 6455 8745 4979 2550 1900 3098 6287 1491  717 8352 8114 8800  554 2268 6711 3942   90 7190 1190 8333 1987 5250  134 8581 2290 1326 4101 1488 2940 6529 1360 1373 2346 1953 7378 5262 2686 5680 3941 1479 7841 1475 7706 5793 4115 6859 7660 2528  461 6844 5072 6416 8518  462 2013 9679 3786 4787 4909 7063 8491 3684  623  890 7477 8945 7513 
1626 2675 3357 8867 9295 3887 3735 3674 1901 3371   47 3462 6842  361 6536 3380 3212 6848 8556  832 3072 8345  862 1907 1340 2646 3114 5336 8912 2178 8155 1534 4718 9850 7327 9278 3179 4381 7497 1261 3158 7952 6214 6964 1928 4149 8418 7294 1949 8124 6380 9890 3522  794 1655  786 3263 4986 7970 6867 8695 3826 1226  350 3358  983 8574 9094 4891 5651  163  763 1726 6966 3369 4014 6835 8154 1230  902 2023 9228 4450 8578 3978 5912 9771 7872 7718 3188 2990 5424 3103 8781  367 5676 3707 7174  464 8326 
4922 7628 6523 2766 9733  672 8091 1011  530  403 4402 3795 1111 4710 7560 6801 7578 2834 4644 5689 1418 1930  816 8097 3972 5437 2536 9776 1903 1376 8531 7315 1657 1622 8621 8037 3731  565 5775 1044 8665 9499 5880 6117 7248  923 1759 1912 9605 1320 1951 6311 2250 5970 4818 3702 3107 6547 2017 1913 4180  793 7563 4168 7018 6180 3732  591 4602  690 4319 8937 7112 3865 5151 3518 2441 6805 6027 6650 6138 6850 9537 5888 4866 5805 2172 4575 6533 3590 2552 2267 4328 9413 1311 3824 3516 8026  266 4557 
  75 2781 7832 9672 9443 9504 5051 8807 9532 5885 1769 9626 4459 5270  639 2042 8951 3078  486 6060 8058 2556 8021 4299 2410 6154 8023  725 1224 9688 2399 4085 5448 1934 6361  337 1379 3394 3843 9620 7481  559 8860 9022 3339 9767  747 2490 4696  633 7571 2097 4151 1462 5909 8158 9589  177 2241   94 6230 6484 2888 5889 1661 9236 1467 1855 6766 2718 4598 5220 1142 4523 9949 4186 6363 2252 6906 7450 2573 6351 3419 6500 3661 2634 6609 1283  472 7959 7883 8947 9887 5597 4784 6178 6256  587 8661 9911 
1365 8909 1439 2558 3663 7723 9195 1273 6817 4011 7131 2261 8264 9448 1568 7967 8619 1440  372  450 6662 8767 8522 4882 4238 2386 6477 2420 4234 2830 9835 5476 1998 9775 4363  577 5645 4322  646 4083 9602 5536 7418 3680 4610 1948 6574 3626 6290 5715 2613 3279 1425 3362 5544 3205 8003 5899 3759 1133 6352 6572 3726 5499 7015 5494 6578 2102 6737 1292 3459  681 5675 9784 2740 2712 4761 8749 8506 7908 3641 1598  480  236 8012 9917 1946 8247 8499 2166 9689 8096 5548 8847   49 8516 5891  515 6454 7537 
7719 2437 2845  496 3016 6301 3301 3526 3961 1893 1732 8160 7680 6406 9026 4727  248  410 1342 5419 5301 5975 9408 6487  415 1645 4231 1931 3208 9125 2020 8743 2487 8254  562 9513 5613 8203 7981 8085 5037 2632 9541 1000 7119 4185 6204 1801 8656 2804 3517 4704 1919 4849 6959 9191 2616 2393 8068  909 5425 6764 8633    1  528 2457 6833 7990 7583  107  748 6954 3554 7203 2836 4559 6504 6784 3309 1515 7102 5280 5473 9516 2619 6062 1282 8396 5598 6921 9332 3216 8742 7842 9780 8560 3460 5732 8482  942 
 660 1664  821 4861 1168 8929 2064 1477 2366 5783 9407 7536 4494 4303 2286 3055 7189 3737 5113 9143 4996  533 7156 5931 3308 9083 3563 4532 5757 8630 6702 1937 3548 6043 5399 3994 7969 1147 5768 8287 5059 9533 2060 8220 7382 7384 5225 6014 1536 3686 3046 2976 1538 2799 3918 1162 1825 5413 5385 8156 5995 8543  737 9248  992 9238 3889 2698   67 7521  997  188 7133 6941 1646 3194 3256 5788 1464 1195 5440  227 7238 1125 9506 3452 9245 3616 4365 7046 2546 1200 7994  818 7840 6440 1548 6998 3154 2001 
2809 1749  839 9008 1676 5123 4493 8675  471  505 2404 7800 9389 9421 6931 5363 4379 5966 2693 4179 8127 6548 9783 8617 5256 2202 9992 3314 4249 6211 8918 7801 6928 1015 2815 8372 4109 3052 6502 4212 1095 9255 3155 5416 9210 5089 8293 5120 1434 7158 1319 5700 5644 2520 6234 5511 8649 8981 6087  354 6000 2182 8486 6639 6275 5964 2775 1372 9886 6360 2599 5668 1518 2978 2651 1966 4485 8845 2448 5861  409  135 4045 7067 2547 6916 4863 2710 6664  272 6429 3015 5398 6280 9017 3300 5282  262 1687  152 
 328 7023 6902 5207 5315 8826 6739 9722 6339   62 8651  245 8772 1603 3714 8452 8771 2900 2803 2719 3943 2524 4738  550 3849  863 5658 4919 2340 7061 4565 8328 2459 5155 5667 6933 5293 4528 1116 8885 6720 4489 8616 5922  231 6957 8748 5979 6073 5249 1280 5236 9281 5305 8839 8174 4003 1977 5030 1246 2249 9521 2785  217 9882 2637 5825 9873 9961 2702 2199 7554 3609 6176 6316 4434 6643 1206 7782 3642  820 5136 5104 7603 6452 7672 9463    8 7419 6354 3226  871 6558 3183 6761 2357 4420 3920 5877 3654 
 933 6116 4844 5109   42 3451 3200 2070 4596 6602  454 5339 5318  916 9864 2344 3328 1139 1160 3100 7333 7757 1339 7427 7650 8157 5106 4321 6013 1964 9870 5515 7946 4875 4686 1744  240 2995 6439 2865 6808 6146 2755 6599 3956 6222  317 5139 6492  661 1122 4788 2157 9222 7247 2134  946 2012 1460 7527 2073 3912 8652 3965 3393 4236 3288 1341 4864 2163 4597 5814 5261 9735 8387 3541 9934 4775 3504 4614 6302 3529 2093 3009 3718 9464 1970 5359 6107 3389 2610 4533  630 3101 5452  631  428 1105 3008 2219 
2657  939  147  479 7290 1719  192 7665 3508   39  422 6483 1028 4230 8194 2683 9208 1225 1451 9173 2106 8580 1963 7297  586 7540 6903 5138 1228 9052  509 7839  154 2407 6404 7861  650 6337 7305  600 5497 8250 7150  734 4075  316  704 8494 9050 7937 6040 1762 6407  929 8232 1380 3545 2269 9003  608 4544 9895 2482 4789 2244 4302  766 5778 1458 2510 2131 6136 6671 4790 5360 3030 1347 8685 8944 1270 8638 5454 7542 5381 1424 9402 4265 3845 7911 9590 5105 7530 8933 6622 4279 9046 7750 3547 8946 2454 
7903 4315 9919 9896 4368 1071 5128 6751 6776  643 6465 6509 6437 1861 1572 7917 2235 9091 7377 7925 2416 7279 1088 8927 3373 4173 7636 8460  181 8073 1508 1278 9264 8312 7862 3916 1974 1124 1994 5946  687 8035 3579  264 2872 2847 2369 5625 4601 6274 2426 1447 5365 4513 6458 3796 2465 1243 9665 9652 6840 9329 5130 3502 8967 8609 4164 9164 7216 9980 9515 5895 9279 9357 1522 1510 2975 5272 2380 3027 1351 6828 9994 3566 5710 8744 5181 2575 1589 5552 4954 3135 6293 3521 7445 1307 4584 8952 1135 3764 
1926 1091 4106 5274 9291 7802 6648 4098 7752  805 9263 5663 3650  819 5939 6587 2124 1688  967 2724 5612 6950 8115 2794 2851 6267 1259 2167 2125 4836 6543 6507 1293 5016 7330  373 8074 8813 2911 7927 2406 6693 6434 7740 2722   80 1171 1778 9038 2992 3704 4915 1194 4237 5376  277 9715 6754 4783  884 7202 5044   15 7838 9598 2274  249 4337 2532 3477 3090  193 8049 3461 7233  201 3614 3908 4270 1757 8136 9023 5639 9706 2238 2574 1813 7659 3546 8408 1023  439 4039 7026 5549 4153 2333 6059 8066 3848 
1002 3018 8539  869 6800 1667 8717 6347 5753 2735 1527  132 1037 6162  279 8063  223 5208 8420  840 9655 7414  611 9470  314 6371 5198 9190 8838 8271 1029  784 7278 8455 8426 7895 2790 1090 3235 7890 1438 6753 8915  380 2725 1866 2887 3310 8934 8072  467 3436 6097 1689 3751 3320 3161 4116  281 5060 5041 8193 7866 2592 2299 9151 8005 4401 7480 7808 8796 8125 3774 7998 7040 4834 4020  405 4717 2483 2626 1020 7853 1382 4064 1046 2617 2277 4404 9591 1069  511 5802 6050 4277 3693 7585 5343 9816 6934 
9645 8032 5053 4581 7683 5052 2422  198 2024 1009 2513 8764 6168 5751 3511  259 2604 6794 9954 3138 5183 1442 9865 7151 4333 1039 8281 1607 4259 4845 5345 8538 9169 4782  775 7836 7581 4874 6510 4429 8714  130 7021 8983 7449 9235 7454 2331 2276 1673 4417 4082 4877 1672 8390 3247 3830 5197 1335 2600 1560 5555 9745 1581 5542 1874 6436 7699 9155 4960  625 1047 4122 6335 2209 1684 2291 7283 9307 7993 9555 4999 5319 8417 4672 7374 7363  485 9500  125 8267 7889 3267 9229 1647 2733 5300 7912  904 6085 
1939 4948 9503 1574 7863 8913 2447 9956 6697 9993 3361  744 8658 8769  283  377  796 1073  233 3242 8185 1958 1202 3623 6857 1410 6787 2469 9088 1514 5569 6126 8639 8496  943 6401 9324 6723 6462  326 4132 4263 7605 3581  756 3807  187 6069 4349 2650 9079  642  483 6725 5513 2264 2497 4508 6103 4323 6708 8975 9941 1841 6426 5088 7288 1128 1409 2266 8421 5121 2946 6181 7687 5310 4673 2621 2233 2567 1836 2259 2229 9539 4703  689 9362 3743 8221 5926 8237  401 6879 9690 6373 5804 3906 2931  692 6932 
 389 5629 2591  489 1247 8503 6653 1184 4471 3167  635 1962 9527 8682 5826 7541 9653 2904 2857  408 5093 4386 9979 3165 2033 3113  668 3847 1827 6100 5140 7199 2408 8019 6579  171 4623 8827 3119 8414 2048 5950 2559  891 1852 1725 1798 1642 5432 6383 7982 8344 3779 1260 8711  733 2218 4052 6644  542   32 3001 1187 4747  239 3884 9659 6922 6804 9893 4140 7321 3975 1370 4447 7047 7915 7531 3720 6884 5627 4467 9682 3836 8427   89 6482 1419  519 4815 2467 2130 7698  749 1211 5809 1231 7689 5724 5406 
7798 4920 7375 9056 5566 5095 2435 2475 4736 3831 4825 2436 8239 6665 3880 1914 6279 7362  284  512 4572 9168  804 1156 8702  889 2372 2958 7738 5591 6111 2108 9988 3285 2525 9016 2429 9011 5501 1690 2432 6554 3225 7797  105 7075  495 8973  222 5194 8667 2349 9764 3832 1748  870 6049 4728 2842 3727 6591 7619 6120 3049 5503 3724 2162 4235 7089 3544  492  250 5427 5677 3166 1329 3766 2985 8285 2394 3000 7566 6797 6172 6542  114 9746 2926 3528 5356 8868 6320 1566 8131  709 6777 9379 3136 1165 2089 
9165  928 3775 7420 5462 8828  463 5188 5705  800  252 9430 4284 6109 1216 1474  507 3950  624  108 1377 7478 2661 3033 8782 6631 1614    5 4940 8211 6431 6514 3945 3879 8647 4709 7799  785  433 5306 9985 7772 1834 5872 8891 6564 2027  115 8065  455 6149 1483 1594 3064 5185 8733  242 5954 8213 7607  399 4242 9145 9121 1229 6273  113 1161 8031 7725 9104 7639 8255 5690 2533 3749 1179   96  357 1529 5674 6633 6516 9354 4518 5436 5374 3193 9471 9451 7555 3143 7344 1191 1521 2562 9762 3837 4648 1300 
1490 6942 8514 6242 4511  910 1788 2527 2831 6837 8151 9414 5114 1066  671 9754 4394 9525 2962 6981 7550 2580 1107 1343 1249 6350 4077 9572 7905 4942 7741 1185 7615 4163 3931  919  659 9501 6541 3490 2986 7465  581 1592  423 2054 2677 1428 1353  321 9261 1127 9006 5725 7064 1823 9427 8879 3075 1389 5743 1240 2287 4566 9912 7122 2762 1086 2379 4551 5116 7155 1287 9712 4729 1838 5764 7729 2939 9535 4367 8919 3990 1848 5759 6145 4054 2345  158 4371 6326 8088  206   26  366 8550 7506 7657 9806 3794 
6142 8850 9219 1764  799 2231  653  768 5493 4377 2883 8416 1936 5370 8292 2972 4952 4807  340  402 3882 3416 3437  149 8549 5807 1237 4387 1207 7316 9968 2816 5803 7974  686 5534 9848 2666 2739 9794 7790 8848 1332 5723  524 7358 4306 4248  619 3372 1528 8775  934 9704 1315 2649 5883 1751 7243 9623 5160  998 5638 7577 5265 9958 6348  979 7389 5156 9817 5999 3341 9187 3514 2421 3058 4716 7739 1083 4678 8943 2337 3174 3095  666 4959 7664 1136 7514 4632 2508 1309 9822 8218 4937 1093 3533 4505 5997 
8663 1877 7265 2912 2207 6055 6929 2004 7017 9686 8128 2390 2103  809 2118 3577  667 5215 8686 1104 2615 7902 3282 4224 4035 2907 8871 1911 6131 5201 6449 5202 3069   79 5686 2509 8182 8235 1178 9877 8009 9313 1131 5875 9632 4008 4408 6446  847 5984 3332 8831 1384   66 9673  347 8495 5027 2281 4473 1986 9047 1079 4159 1017 1730 6524 8671 7475 1084 2332 2625 7254 1003  307 6308 5174 3438  190 4824 1310 1454 8161 7919 5394 8508 9301 5917  897 6991 4072 9454 5840 3898 1435 8785 2587 6927 6856  726 
8207 3558 4200 9716 7242 4537 8215 9803 2236 2242 1253 5773  211 5619 2461 1867 4876 1829 7356 2099 4941 4621  765 8076 2645 3896 7426 2296 3963 3634 4956 6525 4734 5972 4899 1130   82 2040 7845 7422 1056 7093 9687 1167  573 4905 6224 3418 9434 6576 4779 9296  260 3474 5096 8535 5592 3424   14 9388  599 6367 1421 1573 6106 1138 9841  308 9000 5219 9419 2959 5166 3004 9375  417 6555 6029 1591 8542 6409 6904 2759 2358 2595 1371 8999 5944 3420 1212 9353  836 2543 6728 3202 7953 7368 1660 5224  881 
1175 9891 6661 2861 3464 3086 5838 4800 2905 7139 6727 5812 8498 4820 1613 5349  160 1720 7942 9084  446 1597 7482  298 5042 6481 3488 1933 8829 6197 9512 4050   31 3007 2169 6841 4428 2537 6982 5574 1662 9103 3851 4972 6317 5018 5074 8976 3734 4637 2288 1868 4199 1837 3639 1702  544 6499 3168 5058 2381 2937 9401  395 6593 5212 3326 9024  173 7409 4398 7886 2849 2705 4181  383 2227 5342 2005 8238 7812 2501 9250 5636 8659 8373  703 3383 5681  702 4946 6156 9836 5127 3304 1094  893  931  370 2642 
6988 5291 1641 8914 8291 7113 9374 1693  972 1869 4529 8381 1013 7516 4074 7705 1952 5251 2232 1629 7213 2190 5222 6816  387 1571 8480 1159 5303 4530 4436 9309 2515 2531 4667 3936 3938 6615  186  310 7342 6072 5450 5679 8926 5000 1800 3185 9519 9633 7803  602 7493 9075 5459 8555 1596 8925 5839 5559 8650 6861 5087 2899 3552 2198 9007 2493 6007 8523 3207 3375 2612 1468  814 9028 3359 6912 2087 2395 5241 1884 7405 2709 8450 1853 1169 4068 4067 2689   25 9725 7029 2387 8824 1110 5670 9788 5545 3860 
 592 9267 6628 7013 7346 8188 2529 7671 2007 8777 5447 4889  549 5004  948 7331 5312 1166  412 9671 3429  813 2061 2711 4652  448 5149 3767  508 4743 8833 9600 4346 4554 2687 3603 2593 5317 7592 8280 6063 8916 8106 8007 7345 5298 7269 3974 1493 1562 6444 2179 7676 2979 2691 9849 5827 9020 7415  386  985  580 1048 7365 3409 9768  434 3595  145 8757 6520 7108   36 7996  142 3864   40 6418 3077 7991 4139 7079 5708 6750  137 6160 3538 2885  452 1288 7559 2311  817 4724 8210 6546 6415 3056 5519 6705 
2859 6395 3839 4359  824 1324 1236 4605 4004 6193  305 8422 1378 1172 9476 2215 3240 7933 4801 2674 9808 6472  670 1485 7499 7792 7606  465 8217 2041 3683 1674 7467 7783 5829 7080 7962 8846 4760 9804 3863 1059  922 8226 3367 6223 3820  470 1896 8660 8832 3071 9424   50 5259 9538 8166 1350 7491 2092 9550 8801 6018 3818 2858 5449 2519 6789 5417 3592 9095  296 2376 2564 5576 1198 5882 4239 9452 5491 1064 1081  276 1843 5902 3783  989 2771 9266 2620 8588 4763 6877 7512 5451 5509 3921 4548  518 4835 
6573 2560 4183 3952  901 4229  797 5495 1921 6148 4890 3801 9749 9726 6992 1100 9622 3038 9569 7103 7296  218 9641 7609 9933 1078 5924 3873 4925 8722  376 5524   23 7043 4009 1025 9067 6200 5563 6341 3540 7441 5069 8817 2505 6216 5665 8469 1359 6901 3503 3515 1173 8596 5604 3227 1040 6366  234 7674 2908  355 8604 7087 1505 7136 4625 2514 4615 6321 7727  878 2213 5361 3949 2171 9292 7352 3094 4071 9013 1881 8955 3867 9560 3224 2605 6990 4325 2734 3237 3964 6582 2808 1530 4118 4462 2197 9339 4964 
 551 6005 2413 6899 2747  906 1306 2068 3272 4047 7587 5475  346 8512 3721 3317 7008 2840 3003 1650 2603 8932 6008 9233 6597 6847 2876 5332  216 2969 9269 9529  498 3625 4564 6235  601 1643 7715 8688 6074 6376  711 2481 4189 7295 1390  529 7811  548 6760  112 8521 3231 1432 3958   58 3957 3440  493 1239 4300 2647 3838 1219 3353 2015 6687 5047 8694 4731 8022 9468 8313 4552 3719 7197   92 4806 2608 3019 8864 4289 1694  984 2440  673 6667 1164 3293 9900 2730 3585 4264 2889  665 4804 1118  656  669 
2052 4781 2918 4243 7432  391 1763 5351 3808 3495  449 4007 6112 1157 3392 3655 4380 9699 5754 4240 1298 8357 4441 3152 1463 1906  700 2186 7039 8360 6003  254 4676 5031 4154 2030 6139 7642 5831 8050 5465  106 8010 6896 6110 4433 4350 3368  523 7439 8786  172 3458 4426 9188 5321 6077 5961 9230 2839 1097 1248 2336  178 1768  197 3151 8253 2000  655 8662  855 4087 3588 9517 6630 6122  309 8895 4901 8339 4821 8167 5118 1411  196 5460 4785 2721 3257 8842 2534 7215 3888 5516 5102 5557  782 6282 8108 
5522 5500 1532 8028  156 4126 1779 4714 1531 4642 6785 9520 6092  723 9720 7950 9792 9390 8693 6846 5892 4932 6349 1537 2890  915 3129 3692 9293 2113 6093  513 4119 6323  651 1227 4069 7897 2970 8423 4295  209 1430 7696 3022 7653 3562 6849 5239 8300 1711  691  349 1404 9082 9608 7380 9019 7035 8070 6917 6306 5468 6793 1085  762 3910 6672  246 4499 3382 7651 2717 5461  322 3037 2271 3319 5367 5750 6346 3170 2402 6471 4576 1465 2897 3550 2132 6396 7311 2273 4843 1113 4547 8282 5407  566 9005 9202 
4711  664 1032 5930 1400 9707  783  976 3182 8202 5971 5211 7786 2377 3527 3676 3657 5599 3324 2451 3874 5699 7006  205 2168 9651  118 7011 5856 8615 2856 6038  790 6356 6974  618 6913 7670 6187 8109 4468  694 9146 8148 1686 5379  841 8261  215 3599 1873 7280 9036 1344 6786 2561 2401 7308 3206 6535 1850 5855 3875  615 7649 8703 2452 4112 9158 7219 5119 4663 4543 4403 9446 7837 2980 4924 6252 3172 4910 4571 9676 5439 8689 1517 2622  740 1925 1947 9872 4445 2342 8018 8724 3106 1738 5309  336 3568 
5943 2367  127 2879 3789 9558 1041 6450  798  481 5584 4431 1535 1621 3780 1077 3313 3939 6748 7065  705 9614 7084 8112 8586 9868 3160 1070 7388 5921 8244 6515 7614  174 3271 4102 6165 8200   61 4130 6512 2627 7971 7515 5226  683 5294 7761  879  903 1221 3252 6461 3108 6854 6185 5693 8378 8554 9061  468 4046 2200 7944  335 3576  381 1975 2977 3442 5029 1406 7548 5477 6943  830 4914 4573 9462 3010 4388 2226 1304 1734 1978 4389 2690 4515  545 8537 7082 3051 1981 4418  644 8191  914  199 5005 1152 
8051 1345 3097 4282 8216 7329 8816 7710 6019 3644 8964 1976 1001 5237 6517 5143 7631 3584  162 7310 6865   60 1862 3797 8950 4629 3899 4374 8908 6105 9606 3997 1774 9171 6466 5620 7742 6226 8477 8483 3404 2180 2727  487 8530 2315 6076 9649 7408 4780  123 5904 8585 5131  674 6779 9012 5196 8653  585 4410  986 1027   63 2003 5214 3124 1036 5817 2618 3871 2237 5502 3411 1067 1804 4329 1771 5983  379 3298 5508 4127 7720 3709 9534 5816 9440 9294  900 1520 6259 4697 3471 4124 4748 8229 9595 3900 9316 
 826 1916 1308 2032 9853 6655 8337 3116 6169 6184 9991 6872 9717 8993 1669 7319 6190 9939 9847  662 8678 8843 3463 2576 7910 3323 8859 8262 3112 2999 6485 9586 2425 3355 7955 8905 7867 2551 1765  637 9363 8438 7053 4217 9694 9884 2136 3537 6616 3118 9574 9827 2442 2825 7459  491 6778 3354  438 6534 6763 1215 1242 4514 6048 5122 5200 9176 3646 6562 7025 6490 9931 3893 2325 5368  291 2607 3163 2062  414 3673  189 7301 7433 9636   76 6845  606 3445 5481 4830  532  750  595 8557  861 3993 3894 9695 
7173 3723 6740  829 8020 4534 1905 5287 6134 8773 1580  590 4812 2038 2471 4331 9542 6375 3976 6668 1605 4219 9481 4971 9089 7831 3909 3061 7983  699 1338 9765 1887  440 6340 2069 3251 6089  170 5046 6147 5857 7135 3987 4816 3085 7402 9287   16 4595 3299  795 1264 1577 6694  993 2053 2335 8812 1747 7795 7466 5229 7546 1241 4206 3750 1523 1494 4661 8113 5766 1148 6488 7500 6821 3691 5099  148 7579 5506 6441 1883 5633 5913 7126 3349 4044 8385 5193 5003 4838 2499 7195 1668 3705 3716 5813 7323 5659 
6402 9805 5978 2082 2189 6758 6926 7069 9978 7052 5707 7054 3013 4636 6994 3600 5868  807  628  770 9601 1888  356 1250  771 5472 2224 3805 6001 9465  926 6277 7048 2997 4454 8791 4216 6314 1840 6365 8779  151 1314 2067 6164 7267 4645 6989 7468 5216 6980 2673 2530 7779   56 5655  180 9239 8825 9987 2636  868 2707 3927 1271 1285  958 1666 1799 4649 8459 5014 8719 1567 8258 1524 1507 3694   68 7451 8541  230 2154   20 1803 3219 8099 6456 6561 7395 5938 1856 4021 5951 3028 1910 2768 4383 5441 2350 
3510 7314 4992 1188 1498 1891 4684  525 8332 1601 3356 9984 7640 4117 8054 2449 4867 5045  119 8453 5485 5483 3149  728 5235 7160 5531 9243  385 7487 2745 6473 7453 2563 9709 3770 6081 9253 8245 2081 3932 4869 7629 8425 8668 2749 6067 5537  503 3145 6880 3068  139 7668 8121 4540 2370  877 2412 1126 1153 7117 4546 7062 4627 1818 6414 6385 5615 4796 5055 5777 2170 7037 3450 3988 8196 5405 8511 2511 1368 3573 4674 5227 6915 6676 6232 2191 1704 4479 9317 2388 6327 5244 5489 5937 2763 3053 2307 4358 
9511 4283 2375 1075 8750 1140 9840 3413 7591 2141 5697 1959 4935 9119 6675 8969 4458 8679 9325 2253 7240 4594 4797 6953 9154 1789 3703 7471 6923 1999 7524 8624 3270 5362 4839 3428 9032 8103 2663 8190 3084  961  980  473  359  552  846 2263 7461 7234  320 8935 2942  504 7857 2697 2317 7130 4900  612 7326 7922 9289 5231 3408  777 3772 1057 9510 3433 2173 2805 1137 1812 1174 3329 6732    7  247 5871 5641 5124 2153 3677 8635 4689 9066 3645 3760 1204 2516 4469 1302  443 6960 9400 5266 7997 1026 3776 
8107 4712 7682 8625  626 9396 6651 3811 9093 2783 5553 5213  864 9090 6024 9320  988 5302 1967 7864 2411 2974 5745 3971  516 8298 9161 6309 3524 9650 7116 8433 2582    4 8629 6183 7936  647 2984 5603 9955 5942 9751 8894 7501 9197 5908 5443 1186 5862 2147 9773  845 2640 9593 9664 6243 6442 6799 7258 6258 8587  654  712  907 7823 3192 6030 6870 4241 1509 7882 5702 1871 3351 7398 2112 5340 6198 1331 3948 4685 1839 7050  257 6227 1143 3489 4705 1700 2542 3662 1525 7544 2320 5897 6707 3622 1019 7157 
 589 9875 8962 4802 5945 9629  453 9342  394 7570 7001 2507  124 1968 8705 8067 8033 8762  593 1889 9802 6818 3336 7545 2489 3217 5299 8856 2624 1275 9772 8199 5623 6506 2700 7210 5355 7893 3352 6893 2757  755 6895 2314 2503 4223 1675 8198 9211 5884  282 5832 5148 2341 2362 6045 2428 1965 1244 1610 1545 3316 5608 4911 2139  645 4357 7611 3752 4809 6170 8536 6636 8233 8179 8636 4452 3134 7328 9450 2866 6199 4853 2789 3472 7737 3713 8669 1971  191 6898 9948 2039 5538 9819 2456 2963   13 1049 7274 
7004 9782 1402 6890  710 5056 5012 7552 6355 6125 1457 2225 1714 1281 9640 8181 2371  407 7440 3827 3386 8278 3275 9240 7777 3944 5117 7834 8149 5444 3612 2405 3583 3631 4193 5177 5618  341 5869  344 9347 5264 5565 8265 4651 9630 8854 8144 3741 5082  854 2639 4342 3669 7505 2910 4480 1544  924 3850 4786 3338 8324  695 8948 2791 4324 1782 4943 3449  947 2967 4913 2776 2382 1698 8872 1234 8039  235 2728 8740 5653  179 9625 3381 8687 1501 6410 9683 5866 3184 4488 2925 6493 5384 9252   77   33 2827 
6625 2623 6946 6617 8680 8303 7289 4777 5616 9627 7707 2245 1681 2742 5958 2368 9947 6114 2760 3555  221  649 3218 4486 7208 4221 8532 9299 7977 5333 8397  286 3475 5652  104 6390 9312 4541 5141 9098 2736 8858 6457 6233 7598 1797 3377 4393 3481 9945 9584 2584 8712 3446 5195 1718 7134  708 3104 1042 2694 2658 9126 5906 8906 2088  678 8042 8739 4086  648 2713 4613 6104 3817 5833 5744 7620 6613 9575 6033 2324 7849 3480 3561 9399  685 6195 2121  851 5911 6194 1980 2036 8713 8464 8159 7833 2968  274 
3199 4143 2144 9485 9037 5685 3688 2843 8048 1942  920 1312 5178  339 1772  570 5464 1144 8814 4588 3485 7106 7573 3002 5484 3717 8573 8730 1367 4665  952 4478 7869 6683 8371 3628 8645 5851 9585 1819 9571 9077 9960 1585 2431 4352 7901 6715  526 1671 1777 6745 1121 7376 8544 7379 2116 3325  369 2409 8902 4510 2430 2338 7498  676  210 5779 6670   19 8412 5168 3534 9315 4715 3117 4987 7601 8316 2137 8104 5706 4859 9343 3608 3586 8792  960 9757 3868 6143 4590 2184    0 9647 1752 9971  874 7943 9678 
6657 5940 5179 2348 1265 3819 3221 4382  214  431 6594 3427 1989 7769   71 4297 9974 9205 5666 5860 3125 8798 1992  896 1864 5021 7423 4424 8510 8404 8597  949 8716 6659 8965 4700 4092 7597 4301 9603  736 1213 2206  569 3060 2778 2913 2548 7661 3629 9405 2216 9543 6519 8862 8970 7036 4848 1257 8753 8175 8093 3144 3453 6775 1072  553 1807 8358 7558 7282  243 2028 2016 2614 6795 1708 8628 8890 3624 8139 4266 1117 7056 8368 5640 7044   85 3220 6910 3668 2523 6826 2585 8057 4723 7865 8759 2385  882 
6285 1821 7575 7503 7985 8614 2474 5400 4881 6552 6286 6096   51 9576 7762 9288 6505 3812 2234 1459 4926 9573 4103  241 6556 5729 4129 1099 8143  640 6188 8347 8761 3070 3347 7856 7760 2601 9141 9800 7463 2752 5916 7429 6388 2347 2254  951 1575 2280 5478 6108  999 6334 9018 3602 8493 6741 1074 6206 7371 3917 1053 1082 8395 7394 6191 3023 8770 6717 7032 3934  425 2312 1814 9070 8310 1155 4254 1993 2260 8077 9334 3984 9040 4334 3500 2988 3407 5547 9610 8698  445 9624 8013  251 5084 4501 6537 2522 
7539 7176 3739 4138 5722 7188 1327 2423 3940 6015  522 7669 3532 7059 3728 4688 8234 2326 7526 4871 3043 2581 2535 2262 2339 5243 1134 9232  968 2498 6086 4542  657 9127 9858 3264 9881 6020  541  560 8942  490  597 8183 6744 6344 7632 2699 5846 3589 6056 8910 3133 3617 2684 1336 2667 4482 8818 3785 4158 9147 2870   97 4076 1753 4750 9314 9766 5903 6075  101 2427 7027 8996 5150 7618 3139 4065 2875 7100 7488 9477 1416 5255 8294 8079 7567 7892 7616 1940 7851 6652 6559 8110 1021 2212 3073  388 9189 
 437 7714 5771 7648 3710 2665 5290 5787 9087 6508 9039 4111 7508 1982 9372 3773  166 3754 6581 8406 8000 2201 9069  460 5672 7622 2434 2223   70 2145 8437 3678 9336 7256 9160 5593 9107  280 1405 2292 7272 1054 7268 9613 4793  362 6031  406 9660 7986 5935 8721 6747 2571 7701 4970 1644 4177  303 8989 4659 2094 8489 1820 6635  588 6919 7230 7504 6627 9048  203 9718 1388  534 1897 8527 9670 8600 7580 6002 1943 5749 6095 3777 5755 1289 3498 7355  930 4490 1268 1503 8053 6983 4269  169 8612  267 8080 
9599 3426 3162 6137 6186 6703 7022  150 5791 1058 5530 8173 3903 6201 9356 9843 7223 2555 7958 2892 9364  564 2506 5228  954 6530 2283 6342 8673 7759 4974 1741 2877 8644 7556 1894 8869 5382 2891 2083 5828 8599 7941 7921 7666  918 3509 7753 5928 3512 3274 7281 1880 5650 3815 1950 7525 3841   87 4833 6566 3050 1366 2472 4227 9661 8463 6874 1586 4113 6379 2159 6660 9157  828 5164  121 3486 8870 6819  789 2659  872 4332 8618 5162 1600  306 2993 9199 6690 5986 2729 8591 7914 1634  801 4810 6621 6706 
5695 9404 6420 3169  288 1902 1922 2594  128  153  311   64 9412 1433 2077 9950 2769 9479  547 4290 9277  261 2026 4855 7695 2821 2453 7060 5934 9581 6219 7490 1630 7923 4415 4524  876 3059 9662 1835 1277 5048 1715 2164 8025 5094 4895 6438 3248 2272 8472 2470 7041 4520 2313 2006 8866 4366 8172 7387 6619 9417 9148 3998 2391 4023 7630 6590 8589 8429 8186 9139 6999 6654 3233 1652 7293 9675 6419 2706 3556 6557 4338 9043 5036 5720 4832 5781 2047 3441 4978 7002 9753 6843 3601 4655 9284 1680 7874 3229 
2439 4273 5445  679 6749 2998 4607  294 9204  774 6253 9747  966 1745 8330 1055 7957 3969 5609 5562 3955 5726 2046 7005 1990  825 1550 5091 8359  225 7608 9328 2328 2829 1199 4699 9395 8214 7340 3862 5323 5347 2419 2670 9258 5894 8646 8960 4123 8364 4897 3321 3505 6382 5810 8921 7572 9466 4156 1417 6997  442  778 8351 7791  996 4461 9628 9170 7992 3618 4373 5770 4310 9337 3164 5898 6642 8805  126 7072 2934 3857 5388  636 2948 2316 3236 9102 4620 2491  944 9693   84 5328 3387 6397 5335 9818 7104 
4355 6924 5941  364 6427 2400 4005 9226 7825 6894 2817 7170  256 4561 7411 4152 8369 7686 1904 3074 1274 6182  397 4593 3973 5435 9790 5247  617 5713 2852 8431 4233 6236 3322 5403 7964 7390 2966 5232 5085  484 9915 4406 4683 8896 9786 4414 1705 5617 8370 8135 3128 1776 5278 2010 1038 5763 6263 3327 7654 7401 7369 2801 3715 8335  706 7057 5233 7621 2239 4570 6549  400 9972 7819  849 1632  718 2183 1024 3042 2938 2982 9426 7191 3391 3290 5326 2996 1988 5580 3771 6189 6963 6478 2363 5488 2570 7623 
7313 5286 5158 5587 7452 1584 2837 7787 1682 8270 4888 2743 5125 1636 6685 3557 6459 4093 8997 1651 8605 5886 7667 9654 7246 5311 6400 4512 3753 2935 1412 2882 9257 4579 5275  622 8613 4962 1453 6885 2188 7435 8741 8308 9063 9548 6575  228 6718 3762 9815 8011 8075 8853 1972 3619 1132 7939 4868 5169 3822 3637 4203  538 1481 1929 4491 1924 6796 9691  575 7229 5126 8988 4210 8968 2947 6790 5510 7638 4701 4995 2746 5657 6042 9498 5313 7764 3897 8911 6701 3706 2554 5103 6135 4669 7557 8311 1640 5742 
6220 4146 8001 4030 2071 8448  103 4719 7239 1256 1255 7045 6281 7211  255  693 4850 2256 4536 4538  441 3740 8756 3157 9349 8061 3947 5920 9708 5789 8641 7187 9997 7148 3005 8971 9698  886 4460 9156 9004  764   11 9129 7105 3565 1455 5092 5430 8886 3487 5426 7137 5774 5568 6930 3747 9982 8467 1492 5176 6068 4063 2196 7815 7885 3344 9855 8461 3278 7966 8563 3758 1890  632 5135 4474 9723 9701 9473 1649 8917 9423  971 2526 5431  273 4817 2517 4174  238 4257 9304 5811  557 6205 7317 2692  324  810 
5020 9333 1480 7175 3757 7083 7483 1316 9643 1062 3397  413 5165  424 2308 1061  435  806 7692 5709 2557 6066 5794 3273 7708 1885 8389 7244 8729 5959 4643 7455 9112  111 6958 7209  780 2298 4792 5175 5145 3738 3901 3181 7624 1330 8553 2300 8747 4370 4586 4585 2398 9076 5246 7425 3045 5558 7034 2566 2090 8263 3238 6159 5062 1631 4631 3696 5621 5721 6264 4170 9906 3191 2220 7393 8637 2142 9203 8288 4089 6022  574 7406 6307 7228 7766 6039  265 4114  556 8545 4599 2609 2044 9355 1355 2611 5852 7285 
5541  995 6467 8620 9944 2445 1735  751 4006 5596 6310 5957 8266 6288 4751 1141 3493 7574 9999 1031 9557 8171 1740 6806 2035 8513 4405 6673 9897 6121 2774 2922 8528  684 2107 1145 3892 5373 6918 1222 6544 3006 5019 3211 1006 8959 1484 4694 3444 8382 8342 8822 8735  808 9002 9565 3246 8146 2127  329  970   17 7932 8041 8820 3665 5796 5746 3254 7961 5688   88 6129 3746 3093 1103 8601 2909 7679 2057 2655 4142 4165 6908 4026 7656 5556 1262  781 1115 8525 2598 7652 8484 1780 6451 4341 4245 1452 9115 
2716 2031 5304 8515 3390 5238 9178   95 9391 8961   21 5914 6411 5822 8584 8366 3415 6759 5285 9976 7028 6550   78 4084 8299 9844 6090 2631 8720 1969 6032 8430 5988 9271 8956 2685 3872 7987 9916 2066 7510 6070 8634 5418 2111 7870 2518 9113 9241 9612 3141 6624 8632 9497 2378 2797 9666 9829 9025 5049 1051 3044 1426 9832 8520  293 5163 8132 8092 4892  167 2187 7850 6746  887 8706 2174  603 5747   93 9370 1087 4336 8116 2881 5040 7424 6688  488 9487 6812 6584  721 3649 7436 4360 6133 1323 1724  521 
5976 6082 6249 3262 5630 2151 1478 4883 1395 4977 7960 8069 4509 7003   35 1746 5974 4814 1325 4038 8274 2355 2950 7263  275 5457 6838 5308 1348 7014 7184 1795 4903  419 6600  853 7163 5057 1564 4628  219 8795 7511 9406 4178 4998 6689 7336 2278 2270  297 3412 1679 5654 1941 9105 1516 5704 6225 1450 9631 8307 6608 3105 8126 2135 3378 1220 6858 7979 5132 2586 7888 6468 4451 1393 7735 8606 7562  682  571 4618 5492 7721 6736 2177 8559 5634 1909  404  957 6140 4275 7829 4215 2961 3597 4246 8654 1932 
7120 7121 7159  629 9014 2936 7854 8583 9444 1420 9001 5206 6769 7090 5577 9225 9713 7185 9367 4308 6036  720 5853 4353 7492 4795 5905  713  621  392 1471 1792 7322 2110 5322 1065 6773 4630 2466 8898 6128 8936 5962 3919 3935 3604 6967  658 8094 1487 9398 8593 2820 5180 3816 4870 8164 3730 6698 5289 8642 2351 8794  792 8547 2462 3430 6423 5073 2628 1397 5186  384 8290 4841 7088 3559 7396 7584 5761 4744 3981 2126   44 2446 4990 1333 2844 3571 8882 5835 1945 6413 2644 4934 2037 8409 3883 8920  474 
9383 7535 8509 1542 8122 1595 4397 7625 7529 8228 2284 4443 8901 4110 7335 2095 2750 5649 7442 2660 5157 1456 8808 2589 2738 2043 8451 4918 8569 1209 4307 6873  536 6570 6088 4958 6394 2078 2596 3979 5273 3756 3244 3651 7767 2330 7697 7595 9182 2549 3569 8568 3895 5284 6987 9071 1016 8928 3729 4133 5192  584  982  418 7520 6447  313 4713 1294 7372 1787 9878 5842 4391 4032 1805  374 8878 1500 4029 1678 1793 2086 4966 1092 2492 6362 2343 7484 3087 7904 2590 6738 9072 8341 6831 6127 8101 6424 9429 
 837 5823 2100 9031 7253 1043 5330 4096 2158  131 2914 1445 6118 7712 6006 9346 6686 4051 6124 6179 7538 6315 7641 5738 4347 5870 1218 9697 1414 2117 1119 9192 9700 3861 6299  754 5474 2129 4252 6891 2176 1429 1551 8138 4988 8774 1656 8692 9922 4558 6026 6823  136 4121 1101 5573  833 6588 6825 9528 6629 2008 4682 3933 5022 7348 4197 2034 3346 6876 3115 5981 1938 2654 1286 7617 1758 6265 8279 5346  567  895 2680 2076 9120  269 3432 2160 5927 8376 1317 6824 5969 4612 8949 8399   74  802 7507 9428 
 883  641 7920 5009 5929 7364 7949 8566 9478 5263 6527 7448 2444 8225 3031 6210 3995  331 2521 9360 5392 2211 6476 2754 9201 9136 2265 2544   91 2305 1269 8488 7182 6295 2140 6305 3635 9854 5190 9920 4276 2981 2814 5469 3733 6522 2085 4611 9130 1449 2392 9814 3467 3700 1984 5874  363  143 1670 3253  343 8562 1008 3877 3484 3479 6132 2150 9615 4893 7988 1849 5320 5980 3026 5711 7255 5739 3099  517 7245 4591   98 2221 3960 5967 2668  885 3535  229 5433 6475 9489 2744 6270 8212 3385 1773 8413 9394 
4765 1540 8187 9885 6883 3697 6646 2143 6004 7948 1254 8059 9797 5896 3292  318 4862 9268 8940 5864  527  978 4285 2329 3457 9361 2009 4906 1878 2641 4725 2927 5397 2114 2954 7010 8275 2956 1149 9035 1182 6119 6237 4250 5947 4062 4556 6721 3330 2780 5821 2941 1961 5043  208 9526 9663 3842 3660 7421 4344 7913  638 8231 2109 2029 3806 2751 3171 9861 8137 9901  323 6369 1129 1733 8865 9387 3421 7428 4654 4931 7984 5692 4372 8375 2795  823 6539 8728  327 7128 5063 5571 9579 7193 7635  176 6202 1985 
8954 8323 6866 4968 7945 4095  925 2304 7320 9344  866 9118 5002 5245 7818 1533 4396 2101 6692 9789 3712 9311 1506 9092 3929  141   12 2916 5296 3494 4457 5733 2629  155 7118 5671 5077 4376  975 3080 5589 6422 9905 5146 4100 8726 9122 6984 1713 5487 8004 5865 2096 5429 5271 8439 2203 9730 8707 9793 5647 6393 4707 8504 7473 8458 6228 9101  432 3792 1635 3296 4773 4519 9472 8855 1899 1158 5107 8603  301 2761 7543 9823   45 1846 8446 1210 2500 5039 7250 9798  436 7434 1796 1599 2138 3434 9303 2502 
9578 2538 5572 3575 6589 5159 5527 2869 5054 5844 6052 7675 1470 3564 1499 1685 9564 5295 1954 2486 3399 8500 4928 1833 3968 4442 4345 6663 3079 1363 5281 4255 8497 5740 6863 6855 8963 2930 1033 8204  953 3276 2014 6887 9474 6521  358 2002 3017 3769 3029 4671 1811 2701  583 2868 3809 5752 8349 7020 4730 2185 3768 7875 5551 4395 8534 1297 1022 2878 9065 1691 5067 4091 2818  292 3699 1541 8176  531 8223 3977 9445 4356 1276 6272 5646 6815 8715 7703 8696 9551 5830 1872 7756 5050 6209 8972 4260 6150 
9186 2306 4555 4896 2933 5769 3736 2643 9247 7844 7359 5564 3131 7940 1677 9045 8501 4963 5380 2656 7472 3363 4055 9209 3572 1727 8377 1832 7877 5023 7049 5780 9254 8441  100 6781 4080 8449 1245 6637 8367 1831 1258  760 1436 7887 5606 1279  537 1927 4735 7299 9100 6791 7975 6975 6336 2364 2478 9642 7392 9237 9540 8793 8306 7129 2553 8507  289 4027 9302  965 9907 3425 1824 9696 1549 7177 9493 9637 7353 7141 4539 1593 7152 4955 4214  258  514 8177  905 9899 4291 5142  776 3690 9684 5203 2703 9597 
8440 3856 8014 2450 4778 5656 6166 5307 5784 9969 7704 1193 3833 4502 5204   99 3679 2133 7298 9106 7145 9703  558 6920  295 7576  715 1196 8083 8089 7995 4640 8863  555 3992 7726 8874 1858 3513  110  773 5428  420 8907 8356 9033 4752 6064 7565 8683 2708 1743 5288 9729 2681 9231 9030 8780 8442 7778 7747 8575 1791 2714 2737 5100 4378 7644 2319 9752 9544 5586 7332 8810 8985 5990 4148 1369 2732 5010  207 8481 2165 3525 5923  371 5389 6297 3187 2565 7437 6144 1576 6083 9097 8852 5068  987 9592 8979 
1615 9371 1563 8930  342 9851  812 3937 4758 8809 2204 1502 7954 7681 6699 8168 1223 1845 3708 8111 4894 4251 4967 5017 8301 2011 5078 4813 8799 2195 4647 6757 5378 4432 5728 6271 6246 3384 5354 5535 1895 7532 4144 3249 3260 6978 5762 1701 9546 1860 8873 8318 4439 9970   46 3331 2248 8006 3755 8811 1731 4105 7843 9842  680 3520 5820 5801 4017 2652 1620 9923 4993 6532 4675 3177 9275  811 7024 7217 9646 2418 2635 9496 6605 7878 8243 4244  697 1817 2025 8078 1973 8224 6949 3983 4884 9467 9741 4826 
6944 3632 9431 4272 8201 4664 8346 3813 9436 9453 9200 6218 5570  194  973 3648 9977 1697 1357 5982 6658 5111 3925 5133  426 3370 2973  477 7965 4569 2414 2415 4720 8840 3153 9350 8577 9153 2310 5800 5467 1775 4606 5714 3232 8269 7444 9368  743 9594 9456 9876 9580 6811 7078 4162 9411 9044 6173 6152 3286 9821 4732 9348 1232 9524 6807  761  116 6425 8849 2802 6830 7938 8134 2484 2294 2898 8329 7688 9862 4271  741 4749 3423 6962 4464 7351 7446  731 6377  497 5252 4120 4522 9484 4392 8823 9692 9373 
4182 7403 6332 3277 5065 5849 5209 7643 9739 9834 9244 6167 8222 8090 5622 8383 9721 8038 3066 9639 6171 7816 7793 7206 8657 5071 9460 4222 2309 5283 5731 5955 3210 2443 6430  677 7123 1781 9163 8283 1181 6051 3120 4791 7821 9152 2210 8982  767 9826 3311 3345 1558 6054 5184 4930 3132 6012 6099 9335 6421 5719 5952 7633 3748  572 6303 4535 6071 6163 5240 4155 1328 4706 1482 4885 2917 8384 7822  719 4278 5925 3123 8045 6755 6878 3294 6614 9432 7824 8576 1394 2279 4435 1208 7593 5642 9583 5520 2123 
3156 1944 9409 7586 5331 8758 3312 5718 7205 7658 7154 4309 8055 6892 7728 3878 4304 8209 9015 5741 4989 7325   57 2545 2240 4104 3497 9435 1010 6985 3020 3234 7410 9778 5253 4976 5977  652 8260 2318 3318 1859 8365 9936 8598   72 4771 9668 3197 5171 6294 5756 3574 1955 6809 6215 9144 1612  579 9996 5505 4657  325 3902 7755 2496 9488 6907 8595 2019   41 7096 8978   81 4220 4852 5327 9888 6925 2488 7146 6080 5850 4799  568 2049 3870 9272 2676 6276 3215 1385 6649 2282 8533 9123 2050 4267 2648 5292 
7399 7464 6945 9799 9193 4840 2373 7264 6403 2903 3111  753 6603 7456 1183 6174 6889 8030 1080   38 4015  302 3615 5628 8189   86  365 5479 7820 2247 5466 7370 5808 4693 9137 5673  758 8701 6041  955 6678 3137 5210 5932 3265 8252  990 2971 6864 5525 6343 3335 1423 4592 6948 9420 8677  842 3176 8102 6229 8419 7561 4794 4762 8590 6358  917 1446 3722 9561 4042 6017 7366 9457 1710 1386 4805 2588 5578 5836 3840 6965 4196 2871 9086 6623 6565 4670 6695 1639 9926 8236 3854 9953 4218  607 9943 4737 2485 
3473 8040 8776  451 6724  278 8691 8844 3787 6752 5386 3761 2578 7806 9952 6009  852 6973 3284 3858 8710 3148 4997  938 6278 9727 8797 9938 5364 5949 5736 4764 8607  501 5843 3985 5248 8380 1374 8434 3201 9810 1305 1623 3967 3986 4472  582  759 7796 5595 2682 2228 5648 5727 9530 7412  927  224 8974 9846 8428 1760 2953 8361 7251  164 1707  620 7383 2951 3823 5818  561  334 8548 7702 8047 8517 3671 4798 8447 7201 5915 8388 7058 5585 6494 2246 9041 7805 3659 3582 4487 9081 7291 6586 8470 7716 6463 
9785  735 8064 9609 6666 7813  332 3491 5409 8119 8256 2205 2772 9218 1235 7709 4002 6860 5026 9924 7768 1431 4587 9109  393 7259 1898 1582 7287 4066 1695 6300 6078 6250 2784 3924 8754 1960 8338 2258 1625 3214 4568 1387 7257 2302 6875 9857 4549 9763 5893 3374 4656 6829 4326 8627 4137 8302 9099 7099 5786 6900 6680 2504 8336  482 6869 3913 2251 1354 6677 6938 9276 4608  894 8248 4754 9131 9963 9831 9607 3245 7306 8783 6886   65 5523 9384 6851 4256 2901 7826 1383  352 9397 5792 2664 6353 1123 4957 
1569 1665 8994 1588  594 6656 1476 9925 8289 4829 5626 9964 6641 7349 9194 6374 8502 7547  732  421 9009 8374 3567 7860 8835 9140 2045 5395 6065 4577 6102 4887 3067 5410 3406 3269   37 5716 4208 2880 1422 8241 7817 3652 2479 8443 3466 5070 6765 9918 4985 8272 6445 7691  539 8939 3422 3127 9074 9392 6486 4348 5504 7252 6261 7114 5684 9270 9185 8752 2303 9220 4000 4603 5996 8674 4768 2886 8141 6972 5540 8923 7101  330 5375 5329 6553 2833 6115 9748 2662  614 8875 4108 2289 6551 5404 1717 7519 4619 
9224 8709 6368 8519 9910 3303 7947  360 3241 1120 2704 1214  596 6240 5963 1396 6936 2257 6291 1876 7568 8024 4305 5015 5683 8681  941 6513  769 6756 7033 4455 4708 7956 4286 5161 3607  675 9879  598 4166 6968 7928 3536 8319 8133 1802 8474 7774 4953 6560 3159 6995 8002 7443 7038 2920 5411  469 5601 1364 9433 3102 7339 4191  974 3255 9175 5366 1201 4465 7789 6432 7827 4001 5187 6814  859  185 3613 5061 8763 7224 8704 9439 4658 3198 7989 7266 3852 7744 3496 2823 3828 4361 5098 9206 1619 4053 3410 
6970 4822 4872 2383 8565 7457 2720 7391 9438   29 6798 9437 3821 9494 7722 7646 4776 4574 4176 2438 6914 1469 4421 4079 1755 7522  543 4343 1461 4258 3800 9260 2949 1742 1497 8016 9340 8331 8081 8924  102 7030  959 7178 8889 4412 9869 7916 9461  850 6540 2569 2175 9180 6338 7604 8643 2994 4851 1844 4936 9196 2352 8478 4908 8666 8071 9860 7479 3596 2495  109 9159 6268 3281 7343 3025 9809 5034 7700 4292 1267  494 6802 3405 7109 8479 4739 2080 6905 4351 2989 2074 3439 3853 3593  212 3606 3041 8180 
2065  752  312 2943 3189 1060 7474 4635 6939 5735 4339 3620 5797 8992 3435  304  146   10  856 8354  772 1882 7846 7733 4318 6822 4157 5998 7551 9142 1266 5076 1728 9132 6955 4933 4125 1920 7167 4399 7458 8205 8117  803 5172 8435 7207 6203  478 6731 9358 1555 8295 8314 4010 5167 6640 1444 8592  535 1154 7814 7076 7590 5528 5348  390 5834 3876 7610 3844 9714 2334 1608    9 3869 1496 1761 4949 5334 5717 6207 5760 1553 6813 1399 9940 4982 5035 6079 6612 2672 4172 2119 5221 4819 4400 5660 4025 2819 
  73 6820 6157 5521 6034 9959 4912 6010 8725 4973 4617 8490   54 2848 7192 9174  168 8230 9904 9149 9227 8087 5199 5325 1007 9365 4756 3989 3081 9425 6408 9859 3519 7218 7417  714 2075 4503 3946 4034   34 4018 7138 4927 3542 5267 2297 7868 8169 9552 8957  634 4702 2055 9280 1554 1712 9830 2541  161 9306 4578 9251 1851  956 1783 8163 6497 7732 4036 9447 3047 2957 2863 7884 5453 2360 9932 4983 6158 7222 7754  476 9114 6647 3147 1391 3531 7871 9570 8401 1381 9820 8684  411 3035 4496 2688 6151 3802 
9867 9937 4167 1005 3553 5859 9274 4058 7930 9162 1349 2365  739 3297  237  138 4878 3630  459 3011 7200 4316 2181 5936  456  540 5632  977 8304  950 3186 9366 5006 4653 5837 3365 9319 3470 8060  945 5391 2633 7496 3258 9740 4994 8145 5546 9057 2417 4589 5353 2792 3605 7303 8454 8941 6604 9073 2193 8393 2810 1513 1413 1991 5456 5539 7788 8095 8755 2128 9566  962 4854 9828 3499 4950 4190 4726 8857 4141 7307 2860 7276 7596 6577 5643  932   30 7858 5767 6580 3681 8611 9833 4135 7881 6674  475 8572 
9338 8664 3089 3627 4641 1659 1583 7094 2796 2793 4313 1296 6091  353 7212 9502 9711 3190 9386 8690 9942 5137 3633 3203 9352  788 5277 5600 6528 9871 7132 5028 1415 4369 9393 9285 8152 3549 6044 5066 6381 5496 8386 5371 6762 9995 1729 9380 5590 9973 1427 2397 9957 6951 8027 6770 3790 8197 3403 9216 7476 7171 9563 2921 8130 7553 3146  838 9416 1004 5933 4483 6700 9330 9134 6292 1579 2695  270 8320 7470 9181 5890 7016 8436 6247 9796 1658 2255 9273 5008 1284 4407 7111 9889 4440 2597 3781 4531 9909 
1473 3539 4204 3122 7663  899 1146 9685 1150 7271 4521 4898 8602 4583  867 3643 6217 9096  936 6084 5973  122 2230 3701 5919 2285 6491 5110 2021 6037 6161 4917 3675 8623 7859 9807 1318 4048 9085 7086 8410 6511 2896 1806 5526 6569 8990 4294 4097 3395 1556 1737 6021 8465 8610 7127 4947 5560 4330 7809  857 2782 7485 2945 7780 6882 2756 3096 6567 5806 4134 6469 1785 2983  663 2924 7270 5033 4419 2148 8008 4453 1915 5396 8165 7662 6251 4028  578 4311 9554 6319 7312 1923   28 5512 2146  707 8746 1756 
7350 7334 2356 3230 3991 6947 8259 4476 7284 9596 8118 8622 5446 5703 1828 2832 4965  382 4847 4094 6489 8788 8334 8286 9577 4298 8015 9514 5401 6244 5393 1303 3922 2579 8738  338 1606  195  300 3340 1918 9382 9619 4280 9553 4411 3928 4698 2964 2826 1935  333 8881  727 7645 9331 9351  724  184  892 6937 6767 8571 1750 8305 2091 5344 9111 6028 5985 5785 8036 8046 1512 4984 3570  860  738 7397 1089 6221 4416 1870 3396 4921 4031 9547 6046 6330 9908 7770 1014 3594 3283 8736 8737 2194 5819 1692 7221 
3580 2460 5129 5748 3621 6596 8723 1611 1356 8468 2104 2072 5463 9034 4646 3798 9482 3014 8082 6113 9635  935 9135 7724 4211 4969 8249 7489 8986 4274 9903 9049 9744 9062 3954 4037 4335 6626   22 8056 2919 3647 6496 4624 6503 1180 6011 2758 3866 9951 8242 2155 3092 3698 3307 7194 5189 9781 7899 7318 5661 9418 1543 9110 3687 4261 4466 6531  730  290 7162 9989 4059   53 6460  506 9318 5624 5953  991 2894 4633 6318 3469 8887 1979 5765 8123 8903  457 6257 4695 4187 4600 3204 7898 9702 9403 5415 7600 
6298 8129 8892 7690 3591 7745 6333 6386 1322 1358 2811 1375  520 4828 8732 3855 1609 3905  271 1754 3835 3982 9734 4430  502 7261 9898 6526 6364 9616 1716 7637 3598 1466 5486 7166 8362 7140 4846  200 9042  175 6412 6391 7758 4811 6696 4691 9133 9928 4477 4951  398 4516 9256 2915 4902  500 1863 1045 7055 7784 8471 2156 6714 3364 4040 7413 9507 1334 7569 5314 9010 3886  722 9990 1997 5011  865 5471 7260 8317 4205 9914 3664 7775 6710 8276 1076   69  844 7220 4923  822 5269 4498 6328 3178 5217 2991 
1699 6713 5993 5297 4582 5024   18 6852 3315  613  831 2723 5867 1696 3295 7198 7773 1251 6231 8485 8394 2895 3881 2854 5554 1709 3695 9863 2161 2433 4362 8640 7909  875 8567 8315 9618 1857 8100 7085 2327 1112 9677 3091 6583 1617 3507 9326 8802 4880 3456  444 2822 9962 8540 6153 7231 9998 9710 9824 9965 7763 8466 7373 2777 5402 1034 2864 3587 7804 9791 5798 9300 5173 6392 6545 3765 9852 5258 5338 3366 7929 2374 2424 1102 2353 7685 5678 8268 5734 9787 6474 4500 5230 4354 8340 1472 9183 3788 3914 
5691   52 3213 6772 8251 9283 1205 7926 5900 8309  843 8789  605 6598 8052 4161 9442 9184 5989 1050 9559 7460 3266 7169 6094 1217 8277 5423 4745  183 8938 6585 5218 4409 8751 8355 4090 2846 4013 6405 5533 7751 1886 5038 9549 8476 3959 4563 8098 2855 3065  287 3342 7407 3638 5153 1865 3398 6568 8444 8904 5712 7186 6571 4081 4497 6679 4195   27 8153 5032 4188 5112 7502 6370  466 7357 6417 8391  873 3551 7743 7495 3196 1786  610 7517 6952 6888 6398 8851 4823 2361 9491 9242 6453 6897 8784  182 1570 
9966 1272 9750 6730 4281 6634 9731 2923 1766 1723 8456 3725 9166 4755 2952 9179 9215 8655 4666 9621 7880 9441 7124 2638 8405 3926 9705 4981 8564 3970 5848 6976 4808 3666 9469 2079 2787 1151 3222 1109 7077 9415 1908 3032 6810 7678 6384 7588 7337  963 4022 1263  848 5001 1170 1437 1983 3088 7931 6592 4287 8524 1098 1106 6792 6839 9282 3455 9508 5878 1489 1739 4886 4769 2779 2120 2063 7594 7828 4463 5517 6834 7404 5254 7386 8475 3907 5532 8398 3063 9568 4507 9262 1189 7602 4860 3610 2022 9761 7300 
9286 2455 2884 4873 2056 7168 4288 4740 8462 6312 3343 4446 5631 3239 1561 2753  263 9812 5079 2671 4043 8297 2893 5737 9582 4842 7302 4609 8348  202 9760 3110 2807 5097 1830 5968 6768 7249 2841 7181 2932 6177 2463 2122 5170 6862 4057 4916 2678 3302 6262 7360 7835  964 4078 6448 1956 8821 9669 8804 3784 6722 9604 1767 9759 1486 4504 1096  144 7241 5383 9892 7430 4772 7073 3021 7951 1706 4194 4858 6788 1407 8526  244 3980 8424 4562 5352 2798 2084 1398 8731 6480 1163 7110 2468 9150 5337 2098 4944 
8432 4099 4136 4638 8608 3140 3034 4567 5879  921 8876 6606 5507 9719  129 9986 2389 9458 2105 9801 5529 7564 5758 6993 4160 6479 2773 4198 4327 5854 4692   55 1313 6977 1784 7149 6853 5260 4837  688 9930 9839 1663 1822 3682 4741 4759 9921 2018 7655 3689 1794 5080 1653 5420 7693 7019 5514 3891 7748 5863 1299 5583  133 7978 3305 4827  745 3763 5790 4879  430 8700 6428 7400 7907 9567 8861 4449 4506 7143 3261 6389 3259 4375 9813 5873 3930 8884 5480 7125 3829 3670 6283 7367 3142 5013 8766 3289 5422 
8445 6213 3804 1441 7347 7324 9490 5948 7730 3501 4438 6827 2323 9674 4175 9128 5357 2929 4991 5907 4650 6245 9837 9021 1578 4626 7736 7196 8147 4865 1917 5075 6618 9523 3291 4980 5918 4225 8142 9321 5377 5991 5845 4150 1816 3348 4767 2477 5390 4831 5316 1590 4553  447 8178 4550 2149 3379 7673 4492 6399 2788 1068 1114 3431 5115 8105 1321 2944 9545 1063 3999 8980 8626 1557 6681 1539 9327 4560 3685  981  348 3417  378 9742 8227 9656 6729 6269  213 3054 4088 9059 3803 8140 3611 4687 7236 2512 7007 
8899 9795 5602 7976 9913 7980 8402 5815 7066 7807 1511 1722 9777 9060 4680 5144 9172 6175 6470 2770 8415 6871 3825 8931 4033 4169  510 3506 5257 7232 3814 1362 3890 8893 7891 8900 3400 6632 9341 1810 9644 5637 9214 4061 4226  204 8676 3636 7081 8734 6248  937 9058 8162 4634 5776 1892  815 2960 3401 9902 9587 8043 7634 4681 4907 8672 6025 3996 6726 6266 8505 3243 6495 6289 3744 6304 8966 6035 2464 6443 8991 7677 9455 8984 7095 1627 7009 5372 2987 7785 6057 6130 6378 9051 2696 4056 8551 2630 5588 
9080 3483 2767 7746 2192 1637 7153 1448 4422 1842 2800 7918 9736 8150 5910 9935  604 1995 8192   24 2480 3388 6684 5605 3414 2275 4296 8837 8977 4481 4312 5901 3543  268 9737 3578 5279 6192 6254 7361  120 5234 6783 9983 4733 6255 7098 4604 3478 9323 8411 6322 3062 4184 3530 9634 7416 9769 8044 8120 4107 1721 6538 6284 6743 5154 6709  429 7847 1996 2786 7486 4444 4041 1290 6563 3492 7275 9305 4774 5458 6101 6325 7092 6313 4766  994 8841 7164   59 8529 1030 1337 8379 6645 8803 3057 4803 6196 8958 
7273 3653 3012 3223 4616 9522 7734 7070 9495 4413 8594 3640 8570 2572 8897 7852 6324 5438 2217 5841  698 9381 7627 6345 5324 3287 4975 7612 4390 6498 5824 3791 9774 2715 5876 4201 7647 9265 5956 7226 7896 5414 9117 9290 5543 9377 5518 8697 7225 5482 1495 2476 7528 1346  351 3334 4961 7879 6911 9297 4147 9385 7684 3121 9064 4662 6971 2679  345  787 8403 2051 9029 2243 6464 6212 9378 1361 9369 5782 3667 9536 2850  701 8034 7589 6238 5611 5701 7894 6372 4423 6329 9345 7626 7711 8768 1526 7031 5847 
9883 5182 5470 7924 8327 5134 9562 9967 5350 3810 7237 8834 9322 2835 7533 8257 6979 9449 7000 6359 2539 2906 5268 1295 3175 5090 5147 9249 2902 5682 7262  285 8219 6357 7438 9509 9116 3268 7172 7161 7794 1847 8322 7848 5582 8325 4070 4525 8363 3039 6803 4660 9217 8787 8880 7165 7074 5635 7309 9856 5881 7582 4938  396  827 7694 9207 7518 4690 1654 5662 9108 6208 8998 1604 5579 4384 6961 9486 2602 5960 6780 3250 6719 5664 3904  791 2828 4228 1808 2359 8830 7934 4679 4721 5191 2354 5887 7385 6782 
2741 3443 7771 6620 4131 4545 5795 9588 7999 8492 6691 7042 7292 8760 9480 3333 6909 6881 4073 8922 4247 5965 3360 5369 5992 8208 3482 5007 4207 4253 7781 9259 9927 9981 1403 4317 8631 9376 4262 5614 3846 9680 3911  299 4364 5687 9738 8184 5421    6 2731 5358  716 4425 2955 7142 5152 7717 3923 5594 9929 8815 6742 4904 9845 3402 7509 6704 9838 7227 2669 3782 6296 5434 9946 6058 7431 1547 4475 4526 8648 8727 9138 4145 7713 7973 8883 9053 9167 6435 2806 4857 4753 6098 8284 9422 8457 6969 4484  834 
7469 6733 5412 4202 8877 4722 9410 8819 6716 8029   83 8546    3 4929 7304 6669 3228 6940 6986 1770 4668 1018 6501 2862 4024 5205 2208 4495 5455 6047 8579 2928 1408 7900 3083 4340 7613 9310 9880 6935 7338 6155 7107 9825 3859 4012 9298 9078 9308 3476 4622 4580 6836 9724 9359 3560 6996 8407 7972 4437 7494 6595 7179 7180 4268 2874 8062 3799 8296 6771 5669 5561 6241 5858 9234 9743 9475 3454 7012 7071 8778 2568 5081 6868 4456 4757 7873 3658 7810 6260 7286 2403 3793 9505 5772 5607 8206 1197 3337 6061 

