0 1
0.01 1.00995
0.02 1.0198
0.03 1.02955
0.04 1.03919
0.05 1.04873
0.06 1.05816
0.07 1.06749
0.08 1.07672
0.09 1.08583
0.1 1.09484
0.11 1.10373
0.12 1.11252
0.13 1.1212
0.14 1.12976
0.15 1.13821
0.16 1.14655
0.17 1.15477
0.18 1.16287
0.19 1.17086
0.2 1.17874
0.21 1.18649
0.22 1.19413
0.23 1.20164
0.24 1.20904
0.25 1.21632
0.26 1.22347
0.27 1.2305
0.28 1.23741
0.29 1.2442
0.3 1.25086
0.31 1.25739
0.32 1.2638
0.33 1.27009
0.34 1.27624
0.35 1.28227
0.36 1.28817
0.37 1.29394
0.38 1.29959
0.39 1.3051
0.4 1.31048
0.41 1.31573
0.42 1.32085
0.43 1.32584
0.44 1.33069
0.45 1.33541
0.46 1.34
0.47 1.34445
0.48 1.34877
0.49 1.35296
0.5 1.35701
0.51 1.36092
0.52 1.3647
0.53 1.36834
0.54 1.37184
0.55 1.37521
0.56 1.37844
0.57 1.38153
0.58 1.38449
0.59 1.3873
0.6 1.38998
0.61 1.39252
0.62 1.39491
0.63 1.39717
0.64 1.39929
0.65 1.40127
0.66 1.40311
0.67 1.40481
0.68 1.40637
0.69 1.40778
0.7 1.40906
0.71 1.4102
0.72 1.41119
0.73 1.41204
0.74 1.41276
0.75 1.41333
0.76 1.41376
0.77 1.41405
0.78 1.41419
0.79 1.4142
0.8 1.41406
0.81 1.41379
0.82 1.41337
0.83 1.41281
0.84 1.41211
0.85 1.41126
0.86 1.41028
0.87 1.40916
0.88 1.40789
0.89 1.40648
0.9 1.40494
0.91 1.40325
0.92 1.40142
0.93 1.39945
0.94 1.39735
0.95 1.3951
0.96 1.39271
0.97 1.39019
0.98 1.38752
0.99 1.38472
1 1.38177
1.01 1.37869
1.02 1.37547
1.03 1.37212
1.04 1.36862
1.05 1.36499
1.06 1.36123
1.07 1.35732
1.08 1.35329
1.09 1.34911
1.1 1.3448
1.11 1.34036
1.12 1.33578
1.13 1.33107
1.14 1.32623
1.15 1.32125
1.16 1.31614
1.17 1.3109
1.18 1.30553
1.19 1.30003
1.2 1.2944
1.21 1.28864
1.22 1.28275
1.23 1.27673
1.24 1.27058
1.25 1.26431
1.26 1.25791
1.27 1.25138
1.28 1.24473
1.29 1.23796
1.3 1.23106
1.31 1.22403
1.32 1.21689
1.33 1.20962
1.34 1.20224
1.35 1.19473
1.36 1.1871
1.37 1.17936
1.38 1.17149
1.39 1.16351
1.4 1.15542
1.41 1.1472
1.42 1.13888
1.43 1.13044
1.44 1.12188
1.45 1.11322
1.46 1.10444
1.47 1.09555
1.48 1.08655
1.49 1.07745
1.5 1.06823
1.51 1.05891
1.52 1.04948
1.53 1.03995
1.54 1.03032
1.55 1.02058
1.56 1.01074
1.57 1.0008
1.58 0.990754
1.59 0.980613
1.6 0.970374
1.61 0.960038
1.62 0.949606
1.63 0.939079
1.64 0.928458
1.65 0.917744
1.66 0.906939
1.67 0.896042
1.68 0.885056
1.69 0.873982
1.7 0.86282
1.71 0.851572
1.72 0.840239
1.73 0.828822
1.74 0.817322
1.75 0.80574
1.76 0.794077
1.77 0.782336
1.78 0.770516
1.79 0.758618
1.8 0.746645
1.81 0.734598
1.82 0.722477
1.83 0.710283
1.84 0.698019
1.85 0.685685
1.86 0.673282
1.87 0.660812
1.88 0.648276
1.89 0.635675
1.9 0.62301
1.91 0.610284
1.92 0.597496
1.93 0.584648
1.94 0.571742
1.95 0.558779
1.96 0.54576
1.97 0.532686
1.98 0.519559
1.99 0.50638
2 0.493151
