0 1
0.001 1.002
0.002 1.00399
0.003 1.00598
0.004 1.00797
0.005 1.00995
0.006 1.01193
0.007 1.0139
0.008 1.01587
0.009 1.01784
0.01 1.0198
0.011 1.02176
0.012 1.02371
0.013 1.02566
0.014 1.02761
0.015 1.02955
0.016 1.03149
0.017 1.03342
0.018 1.03535
0.019 1.03728
0.02 1.0392
0.021 1.04112
0.022 1.04303
0.023 1.04494
0.024 1.04685
0.025 1.04875
0.026 1.05065
0.027 1.05255
0.028 1.05444
0.029 1.05632
0.03 1.0582
0.031 1.06008
0.032 1.06196
0.033 1.06383
0.034 1.06569
0.035 1.06756
0.036 1.06941
0.037 1.07127
0.038 1.07312
0.039 1.07497
0.04 1.07681
0.041 1.07865
0.042 1.08048
0.043 1.08231
0.044 1.08414
0.045 1.08596
0.046 1.08778
0.047 1.08959
0.048 1.0914
0.049 1.09321
0.05 1.09501
0.051 1.09681
0.052 1.0986
0.053 1.10039
0.054 1.10217
0.055 1.10395
0.056 1.10573
0.057 1.10751
0.058 1.10927
0.059 1.11104
0.06 1.1128
0.061 1.11456
0.062 1.11631
0.063 1.11806
0.064 1.1198
0.065 1.12154
0.066 1.12328
0.067 1.12501
0.068 1.12673
0.069 1.12846
0.07 1.13018
0.071 1.13189
0.072 1.1336
0.073 1.13531
0.074 1.13701
0.075 1.13871
0.076 1.1404
0.077 1.14209
0.078 1.14377
0.079 1.14545
0.08 1.14713
0.081 1.1488
0.082 1.15047
0.083 1.15213
0.084 1.15379
0.085 1.15544
0.086 1.15709
0.087 1.15874
0.088 1.16038
0.089 1.16201
0.09 1.16365
0.091 1.16527
0.092 1.1669
0.093 1.16851
0.094 1.17013
0.095 1.17174
0.096 1.17334
0.097 1.17494
0.098 1.17654
0.099 1.17813
0.1 1.17971
0.101 1.18129
0.102 1.18287
0.103 1.18444
0.104 1.18601
0.105 1.18757
0.106 1.18913
0.107 1.19068
0.108 1.19223
0.109 1.19378
0.11 1.19531
0.111 1.19685
0.112 1.19838
0.113 1.1999
0.114 1.20142
0.115 1.20293
0.116 1.20444
0.117 1.20595
0.118 1.20744
0.119 1.20894
0.12 1.21043
0.121 1.21191
0.122 1.21339
0.123 1.21486
0.124 1.21633
0.125 1.21779
0.126 1.21925
0.127 1.22071
0.128 1.22215
0.129 1.22359
0.13 1.22503
0.131 1.22646
0.132 1.22789
0.133 1.22931
0.134 1.23072
0.135 1.23213
0.136 1.23354
0.137 1.23494
0.138 1.23633
0.139 1.23772
0.14 1.2391
0.141 1.24048
0.142 1.24185
0.143 1.24321
0.144 1.24457
0.145 1.24592
0.146 1.24727
0.147 1.24861
0.148 1.24995
0.149 1.25128
0.15 1.2526
0.151 1.25392
0.152 1.25523
0.153 1.25654
0.154 1.25784
0.155 1.25913
0.156 1.26042
0.157 1.2617
0.158 1.26298
0.159 1.26424
0.16 1.26551
0.161 1.26676
0.162 1.26801
0.163 1.26926
0.164 1.27049
0.165 1.27172
0.166 1.27295
0.167 1.27416
0.168 1.27537
0.169 1.27658
0.17 1.27778
0.171 1.27897
0.172 1.28015
0.173 1.28133
0.174 1.2825
0.175 1.28366
0.176 1.28482
0.177 1.28596
0.178 1.28711
0.179 1.28824
0.18 1.28937
0.181 1.29049
0.182 1.2916
0.183 1.29271
0.184 1.29381
0.185 1.2949
0.186 1.29598
0.187 1.29706
0.188 1.29813
0.189 1.29919
0.19 1.30025
0.191 1.30129
0.192 1.30233
0.193 1.30336
0.194 1.30438
0.195 1.3054
0.196 1.30641
0.197 1.30741
0.198 1.3084
0.199 1.30938
0.2 1.31036
0.201 1.31132
0.202 1.31228
0.203 1.31323
0.204 1.31418
0.205 1.31511
0.206 1.31604
0.207 1.31695
0.208 1.31786
0.209 1.31876
0.21 1.31965
0.211 1.32054
0.212 1.32141
0.213 1.32228
0.214 1.32313
0.215 1.32398
0.216 1.32482
0.217 1.32565
0.218 1.32647
0.219 1.32728
0.22 1.32809
0.221 1.32888
0.222 1.32966
0.223 1.33044
0.224 1.3312
0.225 1.33196
0.226 1.33271
0.227 1.33344
0.228 1.33417
0.229 1.33489
0.23 1.3356
0.231 1.33629
0.232 1.33698
0.233 1.33766
0.234 1.33833
0.235 1.33899
0.236 1.33964
0.237 1.34027
0.238 1.3409
0.239 1.34152
0.24 1.34213
0.241 1.34272
0.242 1.34331
0.243 1.34389
0.244 1.34445
0.245 1.34501
0.246 1.34555
0.247 1.34609
0.248 1.34661
0.249 1.34712
0.25 1.34762
0.251 1.34811
0.252 1.34859
0.253 1.34906
0.254 1.34952
0.255 1.34996
0.256 1.3504
0.257 1.35082
0.258 1.35123
0.259 1.35164
0.26 1.35202
0.261 1.3524
0.262 1.35277
0.263 1.35312
0.264 1.35346
0.265 1.3538
0.266 1.35411
0.267 1.35442
0.268 1.35472
0.269 1.355
0.27 1.35527
0.271 1.35553
0.272 1.35578
0.273 1.35601
0.274 1.35623
0.275 1.35644
0.276 1.35664
0.277 1.35683
0.278 1.357
0.279 1.35716
0.28 1.3573
0.281 1.35744
0.282 1.35756
0.283 1.35767
0.284 1.35777
0.285 1.35785
0.286 1.35792
0.287 1.35798
0.288 1.35802
0.289 1.35805
0.29 1.35807
0.291 1.35807
0.292 1.35806
0.293 1.35804
0.294 1.35801
0.295 1.35796
0.296 1.35789
0.297 1.35782
0.298 1.35773
0.299 1.35762
0.3 1.35751
0.301 1.35738
0.302 1.35723
0.303 1.35707
0.304 1.3569
0.305 1.35671
0.306 1.35651
0.307 1.3563
0.308 1.35607
0.309 1.35583
0.31 1.35557
0.311 1.3553
0.312 1.35501
0.313 1.35471
0.314 1.3544
0.315 1.35407
0.316 1.35373
0.317 1.35337
0.318 1.353
0.319 1.35261
0.32 1.35221
0.321 1.35179
0.322 1.35136
0.323 1.35091
0.324 1.35045
0.325 1.34998
0.326 1.34949
0.327 1.34898
0.328 1.34846
0.329 1.34793
0.33 1.34738
0.331 1.34681
0.332 1.34623
0.333 1.34564
0.334 1.34502
0.335 1.3444
0.336 1.34376
0.337 1.3431
0.338 1.34243
0.339 1.34174
0.34 1.34104
0.341 1.34032
0.342 1.33959
0.343 1.33884
0.344 1.33808
0.345 1.3373
0.346 1.3365
0.347 1.33569
0.348 1.33487
0.349 1.33403
0.35 1.33317
0.351 1.3323
0.352 1.33141
0.353 1.33051
0.354 1.32959
0.355 1.32865
0.356 1.3277
0.357 1.32673
0.358 1.32575
0.359 1.32475
0.36 1.32374
0.361 1.32271
0.362 1.32167
0.363 1.32061
0.364 1.31953
0.365 1.31844
0.366 1.31733
0.367 1.3162
0.368 1.31506
0.369 1.31391
0.37 1.31274
0.371 1.31155
0.372 1.31035
0.373 1.30913
0.374 1.30789
0.375 1.30664
0.376 1.30537
0.377 1.30409
0.378 1.30279
0.379 1.30148
0.38 1.30015
0.381 1.2988
0.382 1.29744
0.383 1.29606
0.384 1.29467
0.385 1.29326
0.386 1.29184
0.387 1.2904
0.388 1.28894
0.389 1.28747
0.39 1.28598
0.391 1.28448
0.392 1.28296
0.393 1.28142
0.394 1.27987
0.395 1.2783
0.396 1.27672
0.397 1.27512
0.398 1.27351
0.399 1.27188
0.4 1.27024
0.401 1.26858
0.402 1.2669
0.403 1.26521
0.404 1.2635
0.405 1.26178
0.406 1.26005
0.407 1.25829
0.408 1.25652
0.409 1.25474
0.41 1.25294
0.411 1.25113
0.412 1.2493
0.413 1.24746
0.414 1.2456
0.415 1.24372
0.416 1.24183
0.417 1.23993
0.418 1.23801
0.419 1.23607
0.42 1.23412
0.421 1.23216
0.422 1.23018
0.423 1.22818
0.424 1.22617
0.425 1.22415
0.426 1.22211
0.427 1.22006
0.428 1.21799
0.429 1.2159
0.43 1.21381
0.431 1.2117
0.432 1.20957
0.433 1.20743
0.434 1.20527
0.435 1.20311
0.436 1.20092
0.437 1.19872
0.438 1.19651
0.439 1.19429
0.44 1.19205
0.441 1.18979
0.442 1.18752
0.443 1.18524
0.444 1.18295
0.445 1.18064
0.446 1.17832
0.447 1.17598
0.448 1.17363
0.449 1.17126
0.45 1.16889
0.451 1.1665
0.452 1.16409
0.453 1.16168
0.454 1.15925
0.455 1.1568
0.456 1.15435
0.457 1.15188
0.458 1.14939
0.459 1.1469
0.46 1.14439
0.461 1.14187
0.462 1.13933
0.463 1.13679
0.464 1.13423
0.465 1.13166
0.466 1.12907
0.467 1.12648
0.468 1.12387
0.469 1.12125
0.47 1.11861
0.471 1.11597
0.472 1.11331
0.473 1.11064
0.474 1.10796
0.475 1.10527
0.476 1.10256
0.477 1.09985
0.478 1.09712
0.479 1.09438
0.48 1.09163
0.481 1.08887
0.482 1.0861
0.483 1.08331
0.484 1.08052
0.485 1.07771
0.486 1.07489
0.487 1.07206
0.488 1.06923
0.489 1.06638
0.49 1.06351
0.491 1.06064
0.492 1.05776
0.493 1.05487
0.494 1.05197
0.495 1.04906
0.496 1.04613
0.497 1.0432
0.498 1.04026
0.499 1.0373
0.5 1.03434
0.501 1.03137
0.502 1.02839
0.503 1.0254
0.504 1.02239
0.505 1.01938
0.506 1.01636
0.507 1.01333
0.508 1.0103
0.509 1.00725
0.51 1.00419
0.511 1.00113
0.512 0.998052
0.513 0.994969
0.514 0.991877
0.515 0.988777
0.516 0.985668
0.517 0.98255
0.518 0.979425
0.519 0.97629
0.52 0.973148
0.521 0.969998
0.522 0.966839
0.523 0.963673
0.524 0.960498
0.525 0.957316
0.526 0.954127
0.527 0.950929
0.528 0.947724
0.529 0.944512
0.53 0.941292
0.531 0.938065
0.532 0.934831
0.533 0.93159
0.534 0.928342
0.535 0.925087
0.536 0.921824
0.537 0.918556
0.538 0.91528
0.539 0.911998
0.54 0.908709
0.541 0.905414
0.542 0.902113
0.543 0.898805
0.544 0.895491
0.545 0.892171
0.546 0.888845
0.547 0.885513
0.548 0.882175
0.549 0.878831
0.55 0.875482
0.551 0.872127
0.552 0.868766
0.553 0.8654
0.554 0.862029
0.555 0.858653
0.556 0.855271
0.557 0.851884
0.558 0.848492
0.559 0.845095
0.56 0.841693
0.561 0.838286
0.562 0.834875
0.563 0.831459
0.564 0.828039
0.565 0.824614
0.566 0.821184
0.567 0.817751
0.568 0.814313
0.569 0.81087
0.57 0.807424
0.571 0.803974
0.572 0.80052
0.573 0.797062
0.574 0.7936
0.575 0.790135
0.576 0.786665
0.577 0.783193
0.578 0.779717
0.579 0.776237
0.58 0.772754
0.581 0.769268
0.582 0.765779
0.583 0.762287
0.584 0.758792
0.585 0.755293
0.586 0.751792
0.587 0.748288
0.588 0.744782
0.589 0.741273
0.59 0.737761
0.591 0.734247
0.592 0.73073
0.593 0.727211
0.594 0.72369
0.595 0.720166
0.596 0.71664
0.597 0.713113
0.598 0.709583
0.599 0.706051
0.6 0.702518
0.601 0.698982
0.602 0.695445
0.603 0.691907
0.604 0.688367
0.605 0.684825
0.606 0.681282
0.607 0.677737
0.608 0.674191
0.609 0.670644
0.61 0.667096
0.611 0.663547
0.612 0.659996
0.613 0.656445
0.614 0.652893
0.615 0.64934
0.616 0.645786
0.617 0.642231
0.618 0.638676
0.619 0.63512
0.62 0.631564
0.621 0.628007
0.622 0.62445
0.623 0.620893
0.624 0.617335
0.625 0.613777
0.626 0.610219
0.627 0.606661
0.628 0.603103
0.629 0.599544
0.63 0.595986
0.631 0.592428
0.632 0.588871
0.633 0.585313
0.634 0.581756
0.635 0.578199
0.636 0.574643
0.637 0.571087
0.638 0.567532
0.639 0.563977
0.64 0.560424
0.641 0.55687
0.642 0.553318
0.643 0.549766
0.644 0.546216
0.645 0.542666
0.646 0.539117
0.647 0.53557
0.648 0.532023
0.649 0.528478
0.65 0.524933
0.651 0.52139
0.652 0.517849
0.653 0.514309
0.654 0.51077
0.655 0.507232
0.656 0.503696
0.657 0.500162
0.658 0.49663
0.659 0.493099
0.66 0.489569
0.661 0.486042
0.662 0.482516
0.663 0.478992
0.664 0.47547
0.665 0.47195
0.666 0.468432
0.667 0.464917
0.668 0.461403
0.669 0.457891
0.67 0.454382
0.671 0.450874
0.672 0.447369
0.673 0.443867
0.674 0.440366
0.675 0.436869
0.676 0.433373
0.677 0.42988
0.678 0.42639
0.679 0.422902
0.68 0.419417
0.681 0.415934
0.682 0.412454
0.683 0.408977
0.684 0.405503
0.685 0.402031
0.686 0.398563
0.687 0.395097
0.688 0.391634
0.689 0.388174
0.69 0.384718
0.691 0.381264
0.692 0.377813
0.693 0.374366
0.694 0.370922
0.695 0.36748
0.696 0.364043
0.697 0.360608
0.698 0.357177
0.699 0.353749
0.7 0.350324
0.701 0.346903
0.702 0.343485
0.703 0.340071
0.704 0.33666
0.705 0.333253
0.706 0.32985
0.707 0.32645
0.708 0.323054
0.709 0.319661
0.71 0.316272
0.711 0.312887
0.712 0.309506
0.713 0.306128
0.714 0.302755
0.715 0.299385
0.716 0.296019
0.717 0.292657
0.718 0.289299
0.719 0.285945
0.72 0.282595
0.721 0.279249
0.722 0.275908
0.723 0.27257
0.724 0.269236
0.725 0.265907
0.726 0.262582
0.727 0.259261
0.728 0.255944
0.729 0.252632
0.73 0.249324
0.731 0.24602
0.732 0.24272
0.733 0.239425
0.734 0.236134
0.735 0.232848
0.736 0.229566
0.737 0.226289
0.738 0.223016
0.739 0.219748
0.74 0.216484
0.741 0.213225
0.742 0.20997
0.743 0.20672
0.744 0.203475
0.745 0.200234
0.746 0.196998
0.747 0.193767
0.748 0.19054
0.749 0.187319
0.75 0.184102
0.751 0.180889
0.752 0.177682
0.753 0.174479
0.754 0.171282
0.755 0.168089
0.756 0.164901
0.757 0.161718
0.758 0.15854
0.759 0.155367
0.76 0.152198
0.761 0.149035
0.762 0.145877
0.763 0.142724
0.764 0.139576
0.765 0.136433
0.766 0.133295
0.767 0.130162
0.768 0.127034
0.769 0.123912
0.77 0.120794
0.771 0.117682
0.772 0.114575
0.773 0.111473
0.774 0.108376
0.775 0.105285
0.776 0.102199
0.777 0.0991178
0.778 0.0960421
0.779 0.0929718
0.78 0.0899068
0.781 0.086847
0.782 0.0837927
0.783 0.0807437
0.784 0.0777
0.785 0.0746618
0.786 0.0716289
0.787 0.0686014
0.788 0.0655794
0.789 0.0625628
0.79 0.0595517
0.791 0.056546
0.792 0.0535458
0.793 0.0505511
0.794 0.0475619
0.795 0.0445782
0.796 0.0416001
0.797 0.0386274
0.798 0.0356604
0.799 0.0326989
0.8 0.0297429
0.801 0.0267926
0.802 0.0238479
0.803 0.0209087
0.804 0.0179752
0.805 0.0150474
0.806 0.0121251
0.807 0.00920855
0.808 0.00629763
0.809 0.0033924
0.81 0.000492849
0.811 -0.002401
0.812 -0.00528915
0.813 -0.00817158
0.814 -0.0110483
0.815 -0.0139193
0.816 -0.0167845
0.817 -0.0196439
0.818 -0.0224976
0.819 -0.0253456
0.82 -0.0281877
0.821 -0.0310241
0.822 -0.0338546
0.823 -0.0366794
0.824 -0.0394983
0.825 -0.0423114
0.826 -0.0451187
0.827 -0.0479201
0.828 -0.0507157
0.829 -0.0535054
0.83 -0.0562892
0.831 -0.0590672
0.832 -0.0618392
0.833 -0.0646054
0.834 -0.0673657
0.835 -0.0701201
0.836 -0.0728685
0.837 -0.0756111
0.838 -0.0783477
0.839 -0.0810783
0.84 -0.0838031
0.841 -0.0865218
0.842 -0.0892347
0.843 -0.0919415
0.844 -0.0946424
0.845 -0.0973373
0.846 -0.100026
0.847 -0.102709
0.848 -0.105386
0.849 -0.108057
0.85 -0.110722
0.851 -0.113381
0.852 -0.116034
0.853 -0.11868
0.854 -0.121321
0.855 -0.123956
0.856 -0.126585
0.857 -0.129207
0.858 -0.131824
0.859 -0.134434
0.86 -0.137039
0.861 -0.139637
0.862 -0.142229
0.863 -0.144815
0.864 -0.147396
0.865 -0.149969
0.866 -0.152537
0.867 -0.155099
0.868 -0.157655
0.869 -0.160204
0.87 -0.162748
0.871 -0.165285
0.872 -0.167816
0.873 -0.170341
0.874 -0.17286
0.875 -0.175372
0.876 -0.177879
0.877 -0.180379
0.878 -0.182873
0.879 -0.185361
0.88 -0.187843
0.881 -0.190318
0.882 -0.192788
0.883 -0.195251
0.884 -0.197708
0.885 -0.200159
0.886 -0.202603
0.887 -0.205042
0.888 -0.207474
0.889 -0.209899
0.89 -0.212319
0.891 -0.214733
0.892 -0.21714
0.893 -0.219541
0.894 -0.221935
0.895 -0.224324
0.896 -0.226706
0.897 -0.229082
0.898 -0.231451
0.899 -0.233814
0.9 -0.236171
0.901 -0.238522
0.902 -0.240867
0.903 -0.243205
0.904 -0.245537
0.905 -0.247862
0.906 -0.250181
0.907 -0.252494
0.908 -0.254801
0.909 -0.257101
0.91 -0.259395
0.911 -0.261682
0.912 -0.263964
0.913 -0.266238
0.914 -0.268507
0.915 -0.270769
0.916 -0.273025
0.917 -0.275274
0.918 -0.277517
0.919 -0.279754
0.92 -0.281984
0.921 -0.284208
0.922 -0.286425
0.923 -0.288636
0.924 -0.290841
0.925 -0.293039
0.926 -0.295231
0.927 -0.297416
0.928 -0.299595
0.929 -0.301768
0.93 -0.303934
0.931 -0.306094
0.932 -0.308247
0.933 -0.310394
0.934 -0.312534
0.935 -0.314668
0.936 -0.316795
0.937 -0.318916
0.938 -0.32103
0.939 -0.323138
0.94 -0.325239
0.941 -0.327334
0.942 -0.329422
0.943 -0.331504
0.944 -0.333579
0.945 -0.335648
0.946 -0.33771
0.947 -0.339766
0.948 -0.341815
0.949 -0.343857
0.95 -0.345893
0.951 -0.347923
0.952 -0.349946
0.953 -0.351962
0.954 -0.353971
0.955 -0.355974
0.956 -0.357971
0.957 -0.359961
0.958 -0.361944
0.959 -0.36392
0.96 -0.36589
0.961 -0.367854
0.962 -0.36981
0.963 -0.37176
0.964 -0.373703
0.965 -0.37564
0.966 -0.37757
0.967 -0.379493
0.968 -0.38141
0.969 -0.38332
0.97 -0.385223
0.971 -0.387119
0.972 -0.389009
0.973 -0.390892
0.974 -0.392768
0.975 -0.394638
0.976 -0.3965
0.977 -0.398356
0.978 -0.400205
0.979 -0.402048
0.98 -0.403883
0.981 -0.405712
0.982 -0.407534
0.983 -0.409349
0.984 -0.411157
0.985 -0.412959
0.986 -0.414753
0.987 -0.416541
0.988 -0.418322
0.989 -0.420096
0.99 -0.421863
0.991 -0.423623
0.992 -0.425376
0.993 -0.427123
0.994 -0.428862
0.995 -0.430595
0.996 -0.43232
0.997 -0.434039
0.998 -0.43575
0.999 -0.437455
1 -0.439152
1.001 -0.440843
1.002 -0.442527
1.003 -0.444203
1.004 -0.445873
1.005 -0.447535
1.006 -0.449191
1.007 -0.450839
1.008 -0.45248
1.009 -0.454114
1.01 -0.455742
1.011 -0.457362
1.012 -0.458974
1.013 -0.46058
1.014 -0.462179
1.015 -0.46377
1.016 -0.465354
1.017 -0.466931
1.018 -0.468501
1.019 -0.470064
1.02 -0.471619
1.021 -0.473167
1.022 -0.474708
1.023 -0.476242
1.024 -0.477768
1.025 -0.479287
1.026 -0.480799
1.027 -0.482303
1.028 -0.4838
1.029 -0.48529
1.03 -0.486772
1.031 -0.488247
1.032 -0.489715
1.033 -0.491175
1.034 -0.492628
1.035 -0.494074
1.036 -0.495511
1.037 -0.496942
1.038 -0.498365
1.039 -0.499781
1.04 -0.501189
1.041 -0.502589
1.042 -0.503982
1.043 -0.505368
1.044 -0.506746
1.045 -0.508116
1.046 -0.509479
1.047 -0.510834
1.048 -0.512181
1.049 -0.513521
1.05 -0.514853
1.051 -0.516178
1.052 -0.517495
1.053 -0.518804
1.054 -0.520105
1.055 -0.521399
1.056 -0.522685
1.057 -0.523963
1.058 -0.525234
1.059 -0.526497
1.06 -0.527751
1.061 -0.528998
1.062 -0.530238
1.063 -0.531469
1.064 -0.532692
1.065 -0.533908
1.066 -0.535115
1.067 -0.536315
1.068 -0.537507
1.069 -0.538691
1.07 -0.539866
1.071 -0.541034
1.072 -0.542194
1.073 -0.543346
1.074 -0.544489
1.075 -0.545625
1.076 -0.546753
1.077 -0.547872
1.078 -0.548983
1.079 -0.550086
1.08 -0.551181
1.081 -0.552268
1.082 -0.553347
1.083 -0.554417
1.084 -0.555479
1.085 -0.556533
1.086 -0.557579
1.087 -0.558616
1.088 -0.559645
1.089 -0.560666
1.09 -0.561678
1.091 -0.562682
1.092 -0.563678
1.093 -0.564665
1.094 -0.565644
1.095 -0.566614
1.096 -0.567576
1.097 -0.568529
1.098 -0.569474
1.099 -0.570411
1.1 -0.571338
1.101 -0.572258
1.102 -0.573168
1.103 -0.57407
1.104 -0.574964
1.105 -0.575849
1.106 -0.576725
1.107 -0.577592
1.108 -0.578451
1.109 -0.579301
1.11 -0.580142
1.111 -0.580975
1.112 -0.581799
1.113 -0.582614
1.114 -0.58342
1.115 -0.584217
1.116 -0.585005
1.117 -0.585785
1.118 -0.586556
1.119 -0.587317
1.12 -0.58807
1.121 -0.588814
1.122 -0.589549
1.123 -0.590275
1.124 -0.590992
1.125 -0.591699
1.126 -0.592398
1.127 -0.593088
1.128 -0.593768
1.129 -0.59444
1.13 -0.595102
1.131 -0.595755
1.132 -0.596399
1.133 -0.597034
1.134 -0.597659
1.135 -0.598275
1.136 -0.598882
1.137 -0.59948
1.138 -0.600068
1.139 -0.600647
1.14 -0.601217
1.141 -0.601777
1.142 -0.602328
1.143 -0.60287
1.144 -0.603402
1.145 -0.603924
1.146 -0.604438
1.147 -0.604941
1.148 -0.605435
1.149 -0.60592
1.15 -0.606395
1.151 -0.606861
1.152 -0.607316
1.153 -0.607763
1.154 -0.608199
1.155 -0.608626
1.156 -0.609044
1.157 -0.609451
1.158 -0.609849
1.159 -0.610238
1.16 -0.610616
1.161 -0.610985
1.162 -0.611344
1.163 -0.611693
1.164 -0.612032
1.165 -0.612361
1.166 -0.612681
1.167 -0.612991
1.168 -0.613291
1.169 -0.61358
1.17 -0.61386
1.171 -0.61413
1.172 -0.61439
1.173 -0.61464
1.174 -0.61488
1.175 -0.61511
1.176 -0.61533
1.177 -0.61554
1.178 -0.61574
1.179 -0.61593
1.18 -0.616109
1.181 -0.616279
1.182 -0.616438
1.183 -0.616587
1.184 -0.616726
1.185 -0.616854
1.186 -0.616973
1.187 -0.617081
1.188 -0.617179
1.189 -0.617267
1.19 -0.617344
1.191 -0.617411
1.192 -0.617468
1.193 -0.617515
1.194 -0.617551
1.195 -0.617577
1.196 -0.617592
1.197 -0.617597
1.198 -0.617591
1.199 -0.617576
1.2 -0.617549
1.201 -0.617512
1.202 -0.617465
1.203 -0.617408
1.204 -0.617339
1.205 -0.617261
1.206 -0.617171
1.207 -0.617072
1.208 -0.616961
1.209 -0.61684
1.21 -0.616709
1.211 -0.616567
1.212 -0.616414
1.213 -0.616251
1.214 -0.616077
1.215 -0.615892
1.216 -0.615697
1.217 -0.615491
1.218 -0.615275
1.219 -0.615048
1.22 -0.61481
1.221 -0.614561
1.222 -0.614302
1.223 -0.614032
1.224 -0.613751
1.225 -0.613459
1.226 -0.613157
1.227 -0.612844
1.228 -0.61252
1.229 -0.612186
1.23 -0.61184
1.231 -0.611484
1.232 -0.611117
1.233 -0.610739
1.234 -0.610351
1.235 -0.609951
1.236 -0.609541
1.237 -0.60912
1.238 -0.608688
1.239 -0.608245
1.24 -0.607792
1.241 -0.607327
1.242 -0.606852
1.243 -0.606366
1.244 -0.605869
1.245 -0.605361
1.246 -0.604842
1.247 -0.604312
1.248 -0.603771
1.249 -0.60322
1.25 -0.602657
1.251 -0.602084
1.252 -0.6015
1.253 -0.600905
1.254 -0.600299
1.255 -0.599682
1.256 -0.599054
1.257 -0.598415
1.258 -0.597765
1.259 -0.597105
1.26 -0.596433
1.261 -0.595751
1.262 -0.595058
1.263 -0.594353
1.264 -0.593638
1.265 -0.592912
1.266 -0.592175
1.267 -0.591428
1.268 -0.590669
1.269 -0.589899
1.27 -0.589119
1.271 -0.588327
1.272 -0.587525
1.273 -0.586712
1.274 -0.585888
1.275 -0.585053
1.276 -0.584207
1.277 -0.583351
1.278 -0.582483
1.279 -0.581605
1.28 -0.580716
1.281 -0.579816
1.282 -0.578905
1.283 -0.577983
1.284 -0.577051
1.285 -0.576108
1.286 -0.575154
1.287 -0.574189
1.288 -0.573213
1.289 -0.572227
1.29 -0.57123
1.291 -0.570222
1.292 -0.569203
1.293 -0.568174
1.294 -0.567134
1.295 -0.566083
1.296 -0.565021
1.297 -0.563949
1.298 -0.562867
1.299 -0.561773
1.3 -0.560669
1.301 -0.559554
1.302 -0.558429
1.303 -0.557293
1.304 -0.556146
1.305 -0.554989
1.306 -0.553822
1.307 -0.552644
1.308 -0.551455
1.309 -0.550256
1.31 -0.549046
1.311 -0.547826
1.312 -0.546595
1.313 -0.545354
1.314 -0.544102
1.315 -0.542841
1.316 -0.541568
1.317 -0.540286
1.318 -0.538993
1.319 -0.537689
1.32 -0.536376
1.321 -0.535052
1.322 -0.533718
1.323 -0.532373
1.324 -0.531018
1.325 -0.529654
1.326 -0.528278
1.327 -0.526893
1.328 -0.525498
1.329 -0.524092
1.33 -0.522677
1.331 -0.521251
1.332 -0.519816
1.333 -0.51837
1.334 -0.516914
1.335 -0.515449
1.336 -0.513973
1.337 -0.512487
1.338 -0.510992
1.339 -0.509487
1.34 -0.507971
1.341 -0.506447
1.342 -0.504912
1.343 -0.503367
1.344 -0.501813
1.345 -0.500249
1.346 -0.498675
1.347 -0.497092
1.348 -0.495499
1.349 -0.493897
1.35 -0.492285
1.351 -0.490663
1.352 -0.489032
1.353 -0.487391
1.354 -0.485741
1.355 -0.484082
1.356 -0.482413
1.357 -0.480735
1.358 -0.479047
1.359 -0.47735
1.36 -0.475644
1.361 -0.473929
1.362 -0.472205
1.363 -0.470471
1.364 -0.468728
1.365 -0.466976
1.366 -0.465215
1.367 -0.463446
1.368 -0.461667
1.369 -0.459879
1.37 -0.458082
1.371 -0.456276
1.372 -0.454462
1.373 -0.452638
1.374 -0.450806
1.375 -0.448965
1.376 -0.447115
1.377 -0.445257
1.378 -0.44339
1.379 -0.441515
1.38 -0.439631
1.381 -0.437738
1.382 -0.435837
1.383 -0.433927
1.384 -0.432009
1.385 -0.430083
1.386 -0.428148
1.387 -0.426205
1.388 -0.424254
1.389 -0.422294
1.39 -0.420327
1.391 -0.418351
1.392 -0.416367
1.393 -0.414375
1.394 -0.412375
1.395 -0.410367
1.396 -0.408351
1.397 -0.406327
1.398 -0.404295
1.399 -0.402256
1.4 -0.400209
1.401 -0.398153
1.402 -0.396091
1.403 -0.39402
1.404 -0.391942
1.405 -0.389857
1.406 -0.387763
1.407 -0.385663
1.408 -0.383555
1.409 -0.381439
1.41 -0.379316
1.411 -0.377186
1.412 -0.375049
1.413 -0.372904
1.414 -0.370752
1.415 -0.368593
1.416 -0.366427
1.417 -0.364254
1.418 -0.362073
1.419 -0.359886
1.42 -0.357692
1.421 -0.355491
1.422 -0.353283
1.423 -0.351068
1.424 -0.348847
1.425 -0.346619
1.426 -0.344384
1.427 -0.342143
1.428 -0.339895
1.429 -0.33764
1.43 -0.335379
1.431 -0.333112
1.432 -0.330838
1.433 -0.328557
1.434 -0.326271
1.435 -0.323978
1.436 -0.321679
1.437 -0.319374
1.438 -0.317062
1.439 -0.314745
1.44 -0.312422
1.441 -0.310092
1.442 -0.307757
1.443 -0.305415
1.444 -0.303068
1.445 -0.300715
1.446 -0.298357
1.447 -0.295992
1.448 -0.293622
1.449 -0.291246
1.45 -0.288865
1.451 -0.286478
1.452 -0.284086
1.453 -0.281688
1.454 -0.279285
1.455 -0.276876
1.456 -0.274463
1.457 -0.272043
1.458 -0.269619
1.459 -0.26719
1.46 -0.264755
1.461 -0.262315
1.462 -0.259871
1.463 -0.257421
1.464 -0.254967
1.465 -0.252507
1.466 -0.250043
1.467 -0.247574
1.468 -0.2451
1.469 -0.242621
1.47 -0.240138
1.471 -0.23765
1.472 -0.235158
1.473 -0.232661
1.474 -0.230159
1.475 -0.227654
1.476 -0.225143
1.477 -0.222629
1.478 -0.22011
1.479 -0.217587
1.48 -0.21506
1.481 -0.212528
1.482 -0.209993
1.483 -0.207453
1.484 -0.204909
1.485 -0.202362
1.486 -0.19981
1.487 -0.197255
1.488 -0.194696
1.489 -0.192133
1.49 -0.189566
1.491 -0.186996
1.492 -0.184421
1.493 -0.181844
1.494 -0.179262
1.495 -0.176678
1.496 -0.174089
1.497 -0.171498
1.498 -0.168903
1.499 -0.166304
1.5 -0.163702
1.501 -0.161097
1.502 -0.158489
1.503 -0.155878
1.504 -0.153263
1.505 -0.150646
1.506 -0.148025
1.507 -0.145402
1.508 -0.142775
1.509 -0.140146
1.51 -0.137514
1.511 -0.134879
1.512 -0.132241
1.513 -0.1296
1.514 -0.126957
1.515 -0.124311
1.516 -0.121663
1.517 -0.119012
1.518 -0.116358
1.519 -0.113702
1.52 -0.111044
1.521 -0.108383
1.522 -0.10572
1.523 -0.103054
1.524 -0.100387
1.525 -0.0977167
1.526 -0.0950446
1.527 -0.0923704
1.528 -0.0896941
1.529 -0.0870157
1.53 -0.0843354
1.531 -0.081653
1.532 -0.0789688
1.533 -0.0762826
1.534 -0.0735946
1.535 -0.0709049
1.536 -0.0682133
1.537 -0.06552
1.538 -0.0628251
1.539 -0.0601285
1.54 -0.0574303
1.541 -0.0547305
1.542 -0.0520292
1.543 -0.0493264
1.544 -0.0466222
1.545 -0.0439166
1.546 -0.0412096
1.547 -0.0385013
1.548 -0.0357917
1.549 -0.0330809
1.55 -0.0303688
1.551 -0.0276556
1.552 -0.0249412
1.553 -0.0222258
1.554 -0.0195092
1.555 -0.0167917
1.556 -0.0140732
1.557 -0.0113537
1.558 -0.0086333
1.559 -0.00591205
1.56 -0.00318996
1.561 -0.000467067
1.562 0.00225658
1.563 0.00498096
1.564 0.00770602
1.565 0.0104317
1.566 0.0131581
1.567 0.015885
1.568 0.0186125
1.569 0.0213404
1.57 0.0240689
1.571 0.0267978
1.572 0.0295271
1.573 0.0322567
1.574 0.0349867
1.575 0.037717
1.576 0.0404476
1.577 0.0431784
1.578 0.0459094
1.579 0.0486406
1.58 0.0513719
1.581 0.0541033
1.582 0.0568347
1.583 0.0595662
1.584 0.0622977
1.585 0.0650292
1.586 0.0677605
1.587 0.0704918
1.588 0.073223
1.589 0.075954
1.59 0.0786848
1.591 0.0814154
1.592 0.0841457
1.593 0.0868757
1.594 0.0896054
1.595 0.0923348
1.596 0.0950638
1.597 0.0977923
1.598 0.10052
1.599 0.103248
1.6 0.105975
1.601 0.108702
1.602 0.111428
1.603 0.114153
1.604 0.116878
1.605 0.119602
1.606 0.122326
1.607 0.125049
1.608 0.127771
1.609 0.130492
1.61 0.133212
1.611 0.135932
1.612 0.138651
1.613 0.141369
1.614 0.144086
1.615 0.146802
1.616 0.149517
1.617 0.152231
1.618 0.154944
1.619 0.157656
1.62 0.160367
1.621 0.163077
1.622 0.165786
1.623 0.168493
1.624 0.1712
1.625 0.173905
1.626 0.176609
1.627 0.179312
1.628 0.182013
1.629 0.184713
1.63 0.187412
1.631 0.19011
1.632 0.192806
1.633 0.1955
1.634 0.198194
1.635 0.200885
1.636 0.203576
1.637 0.206265
1.638 0.208952
1.639 0.211638
1.64 0.214322
1.641 0.217004
1.642 0.219685
1.643 0.222365
1.644 0.225042
1.645 0.227718
1.646 0.230393
1.647 0.233065
1.648 0.235736
1.649 0.238405
1.65 0.241072
1.651 0.243738
1.652 0.246401
1.653 0.249063
1.654 0.251723
1.655 0.254381
1.656 0.257037
1.657 0.259691
1.658 0.262343
1.659 0.264993
1.66 0.267641
1.661 0.270287
1.662 0.272931
1.663 0.275573
1.664 0.278213
1.665 0.280851
1.666 0.283487
1.667 0.28612
1.668 0.288752
1.669 0.291381
1.67 0.294008
1.671 0.296633
1.672 0.299255
1.673 0.301876
1.674 0.304494
1.675 0.30711
1.676 0.309723
1.677 0.312334
1.678 0.314943
1.679 0.317549
1.68 0.320153
1.681 0.322755
1.682 0.325354
1.683 0.327951
1.684 0.330546
1.685 0.333138
1.686 0.335727
1.687 0.338314
1.688 0.340898
1.689 0.34348
1.69 0.34606
1.691 0.348637
1.692 0.351211
1.693 0.353783
1.694 0.356352
1.695 0.358918
1.696 0.361482
1.697 0.364043
1.698 0.366602
1.699 0.369158
1.7 0.371711
1.701 0.374261
1.702 0.376809
1.703 0.379354
1.704 0.381897
1.705 0.384436
1.706 0.386973
1.707 0.389507
1.708 0.392038
1.709 0.394567
1.71 0.397092
1.711 0.399615
1.712 0.402135
1.713 0.404652
1.714 0.407166
1.715 0.409677
1.716 0.412185
1.717 0.414691
1.718 0.417193
1.719 0.419693
1.72 0.42219
1.721 0.424683
1.722 0.427174
1.723 0.429662
1.724 0.432146
1.725 0.434628
1.726 0.437107
1.727 0.439582
1.728 0.442055
1.729 0.444525
1.73 0.446991
1.731 0.449455
1.732 0.451915
1.733 0.454372
1.734 0.456826
1.735 0.459277
1.736 0.461725
1.737 0.46417
1.738 0.466612
1.739 0.46905
1.74 0.471485
1.741 0.473917
1.742 0.476346
1.743 0.478772
1.744 0.481195
1.745 0.483614
1.746 0.48603
1.747 0.488443
1.748 0.490853
1.749 0.493259
1.75 0.495662
1.751 0.498062
1.752 0.500459
1.753 0.502852
1.754 0.505242
1.755 0.507629
1.756 0.510012
1.757 0.512392
1.758 0.514769
1.759 0.517142
1.76 0.519512
1.761 0.521879
1.762 0.524242
1.763 0.526602
1.764 0.528959
1.765 0.531312
1.766 0.533662
1.767 0.536008
1.768 0.538351
1.769 0.540691
1.77 0.543027
1.771 0.54536
1.772 0.547689
1.773 0.550015
1.774 0.552337
1.775 0.554656
1.776 0.556972
1.777 0.559284
1.778 0.561593
1.779 0.563898
1.78 0.566199
1.781 0.568497
1.782 0.570792
1.783 0.573083
1.784 0.575371
1.785 0.577655
1.786 0.579935
1.787 0.582212
1.788 0.584485
1.789 0.586755
1.79 0.589022
1.791 0.591284
1.792 0.593544
1.793 0.595799
1.794 0.598051
1.795 0.6003
1.796 0.602545
1.797 0.604786
1.798 0.607023
1.799 0.609258
1.8 0.611488
1.801 0.613715
1.802 0.615938
1.803 0.618157
1.804 0.620373
1.805 0.622586
1.806 0.624794
1.807 0.626999
1.808 0.629201
1.809 0.631398
1.81 0.633592
1.811 0.635782
1.812 0.637969
1.813 0.640152
1.814 0.642331
1.815 0.644507
1.816 0.646679
1.817 0.648847
1.818 0.651011
1.819 0.653172
1.82 0.655329
1.821 0.657482
1.822 0.659632
1.823 0.661777
1.824 0.663919
1.825 0.666058
1.826 0.668192
1.827 0.670323
1.828 0.67245
1.829 0.674573
1.83 0.676693
1.831 0.678808
1.832 0.68092
1.833 0.683028
1.834 0.685133
1.835 0.687233
1.836 0.68933
1.837 0.691423
1.838 0.693512
1.839 0.695597
1.84 0.697679
1.841 0.699756
1.842 0.70183
1.843 0.7039
1.844 0.705966
1.845 0.708028
1.846 0.710087
1.847 0.712141
1.848 0.714192
1.849 0.716239
1.85 0.718281
1.851 0.720321
1.852 0.722356
1.853 0.724387
1.854 0.726414
1.855 0.728438
1.856 0.730457
1.857 0.732473
1.858 0.734485
1.859 0.736493
1.86 0.738496
1.861 0.740496
1.862 0.742492
1.863 0.744484
1.864 0.746473
1.865 0.748457
1.866 0.750437
1.867 0.752413
1.868 0.754385
1.869 0.756354
1.87 0.758318
1.871 0.760278
1.872 0.762235
1.873 0.764187
1.874 0.766135
1.875 0.76808
1.876 0.77002
1.877 0.771956
1.878 0.773889
1.879 0.775817
1.88 0.777741
1.881 0.779661
1.882 0.781577
1.883 0.783489
1.884 0.785397
1.885 0.787301
1.886 0.789201
1.887 0.791097
1.888 0.792989
1.889 0.794876
1.89 0.79676
1.891 0.798639
1.892 0.800514
1.893 0.802386
1.894 0.804253
1.895 0.806115
1.896 0.807974
1.897 0.809829
1.898 0.811679
1.899 0.813525
1.9 0.815368
1.901 0.817206
1.902 0.819039
1.903 0.820869
1.904 0.822694
1.905 0.824515
1.906 0.826332
1.907 0.828145
1.908 0.829954
1.909 0.831758
1.91 0.833558
1.911 0.835354
1.912 0.837145
1.913 0.838932
1.914 0.840715
1.915 0.842494
1.916 0.844269
1.917 0.846039
1.918 0.847804
1.919 0.849566
1.92 0.851323
1.921 0.853076
1.922 0.854824
1.923 0.856569
1.924 0.858308
1.925 0.860044
1.926 0.861775
1.927 0.863501
1.928 0.865224
1.929 0.866941
1.93 0.868655
1.931 0.870364
1.932 0.872068
1.933 0.873769
1.934 0.875464
1.935 0.877155
1.936 0.878842
1.937 0.880524
1.938 0.882202
1.939 0.883875
1.94 0.885544
1.941 0.887208
1.942 0.888868
1.943 0.890523
1.944 0.892174
1.945 0.89382
1.946 0.895461
1.947 0.897098
1.948 0.89873
1.949 0.900358
1.95 0.901981
1.951 0.903599
1.952 0.905213
1.953 0.906822
1.954 0.908426
1.955 0.910026
1.956 0.91162
1.957 0.913211
1.958 0.914796
1.959 0.916377
1.96 0.917953
1.961 0.919524
1.962 0.921091
1.963 0.922652
1.964 0.924209
1.965 0.925761
1.966 0.927309
1.967 0.928851
1.968 0.930388
1.969 0.931921
1.97 0.933449
1.971 0.934972
1.972 0.93649
1.973 0.938003
1.974 0.939511
1.975 0.941014
1.976 0.942512
1.977 0.944005
1.978 0.945493
1.979 0.946976
1.98 0.948455
1.981 0.949928
1.982 0.951396
1.983 0.952858
1.984 0.954316
1.985 0.955769
1.986 0.957216
1.987 0.958659
1.988 0.960096
1.989 0.961528
1.99 0.962955
1.991 0.964377
1.992 0.965793
1.993 0.967204
1.994 0.96861
1.995 0.970011
1.996 0.971406
1.997 0.972796
1.998 0.974181
1.999 0.97556
2 0.976934
2.001 0.978302
2.002 0.979665
2.003 0.981023
2.004 0.982375
2.005 0.983722
2.006 0.985063
2.007 0.986399
2.008 0.987729
2.009 0.989054
2.01 0.990373
2.011 0.991686
2.012 0.992994
2.013 0.994296
2.014 0.995593
2.015 0.996884
2.016 0.998169
2.017 0.999449
2.018 1.00072
2.019 1.00199
2.02 1.00325
2.021 1.00451
2.022 1.00576
2.023 1.007
2.024 1.00824
2.025 1.00948
2.026 1.0107
2.027 1.01193
2.028 1.01314
2.029 1.01435
2.03 1.01555
2.031 1.01675
2.032 1.01794
2.033 1.01913
2.034 1.02031
2.035 1.02148
2.036 1.02265
2.037 1.02381
2.038 1.02496
2.039 1.02611
2.04 1.02725
2.041 1.02839
2.042 1.02952
2.043 1.03064
2.044 1.03176
2.045 1.03287
2.046 1.03397
2.047 1.03507
2.048 1.03616
2.049 1.03724
2.05 1.03832
2.051 1.03939
2.052 1.04046
2.053 1.04152
2.054 1.04257
2.055 1.04362
2.056 1.04465
2.057 1.04569
2.058 1.04671
2.059 1.04773
2.06 1.04874
2.061 1.04975
2.062 1.05075
2.063 1.05174
2.064 1.05272
2.065 1.0537
2.066 1.05467
2.067 1.05563
2.068 1.05659
2.069 1.05754
2.07 1.05848
2.071 1.05942
2.072 1.06035
2.073 1.06127
2.074 1.06218
2.075 1.06309
2.076 1.06399
2.077 1.06488
2.078 1.06577
2.079 1.06665
2.08 1.06752
2.081 1.06838
2.082 1.06924
2.083 1.07009
2.084 1.07093
2.085 1.07176
2.086 1.07259
2.087 1.07341
2.088 1.07422
2.089 1.07502
2.09 1.07582
2.091 1.07661
2.092 1.07739
2.093 1.07816
2.094 1.07892
2.095 1.07968
2.096 1.08043
2.097 1.08117
2.098 1.08191
2.099 1.08263
2.1 1.08335
2.101 1.08406
2.102 1.08476
2.103 1.08546
2.104 1.08614
2.105 1.08682
2.106 1.08749
2.107 1.08815
2.108 1.0888
2.109 1.08945
2.11 1.09009
2.111 1.09072
2.112 1.09134
2.113 1.09195
2.114 1.09255
2.115 1.09315
2.116 1.09373
2.117 1.09431
2.118 1.09488
2.119 1.09544
2.12 1.09599
2.121 1.09654
2.122 1.09707
2.123 1.0976
2.124 1.09812
2.125 1.09863
2.126 1.09913
2.127 1.09962
2.128 1.1001
2.129 1.10058
2.13 1.10104
2.131 1.1015
2.132 1.10195
2.133 1.10238
2.134 1.10281
2.135 1.10323
2.136 1.10364
2.137 1.10405
2.138 1.10444
2.139 1.10482
2.14 1.1052
2.141 1.10556
2.142 1.10592
2.143 1.10627
2.144 1.1066
2.145 1.10693
2.146 1.10725
2.147 1.10756
2.148 1.10786
2.149 1.10815
2.15 1.10843
2.151 1.1087
2.152 1.10896
2.153 1.10921
2.154 1.10946
2.155 1.10969
2.156 1.10991
2.157 1.11013
2.158 1.11033
2.159 1.11052
2.16 1.11071
2.161 1.11088
2.162 1.11104
2.163 1.1112
2.164 1.11134
2.165 1.11148
2.166 1.1116
2.167 1.11172
2.168 1.11182
2.169 1.11191
2.17 1.112
2.171 1.11207
2.172 1.11214
2.173 1.11219
2.174 1.11223
2.175 1.11227
2.176 1.11229
2.177 1.1123
2.178 1.1123
2.179 1.11229
2.18 1.11228
2.181 1.11225
2.182 1.11221
2.183 1.11216
2.184 1.1121
2.185 1.11203
2.186 1.11194
2.187 1.11185
2.188 1.11175
2.189 1.11164
2.19 1.11151
2.191 1.11138
2.192 1.11123
2.193 1.11108
2.194 1.11091
2.195 1.11073
2.196 1.11055
2.197 1.11035
2.198 1.11014
2.199 1.10992
2.2 1.10969
2.201 1.10944
2.202 1.10919
2.203 1.10893
2.204 1.10865
2.205 1.10836
2.206 1.10807
2.207 1.10776
2.208 1.10744
2.209 1.10711
2.21 1.10677
2.211 1.10642
2.212 1.10605
2.213 1.10568
2.214 1.10529
2.215 1.1049
2.216 1.10449
2.217 1.10407
2.218 1.10364
2.219 1.1032
2.22 1.10275
2.221 1.10228
2.222 1.10181
2.223 1.10132
2.224 1.10082
2.225 1.10031
2.226 1.09979
2.227 1.09926
2.228 1.09872
2.229 1.09817
2.23 1.0976
2.231 1.09702
2.232 1.09643
2.233 1.09584
2.234 1.09522
2.235 1.0946
2.236 1.09397
2.237 1.09332
2.238 1.09267
2.239 1.092
2.24 1.09132
2.241 1.09063
2.242 1.08992
2.243 1.08921
2.244 1.08848
2.245 1.08775
2.246 1.087
2.247 1.08624
2.248 1.08547
2.249 1.08468
2.25 1.08389
2.251 1.08308
2.252 1.08227
2.253 1.08144
2.254 1.0806
2.255 1.07975
2.256 1.07888
2.257 1.07801
2.258 1.07712
2.259 1.07622
2.26 1.07531
2.261 1.07439
2.262 1.07346
2.263 1.07252
2.264 1.07156
2.265 1.07059
2.266 1.06961
2.267 1.06862
2.268 1.06762
2.269 1.06661
2.27 1.06559
2.271 1.06455
2.272 1.0635
2.273 1.06244
2.274 1.06137
2.275 1.06029
2.276 1.0592
2.277 1.05809
2.278 1.05698
2.279 1.05585
2.28 1.05471
2.281 1.05356
2.282 1.0524
2.283 1.05123
2.284 1.05004
2.285 1.04885
2.286 1.04764
2.287 1.04642
2.288 1.04519
2.289 1.04395
2.29 1.0427
2.291 1.04144
2.292 1.04016
2.293 1.03888
2.294 1.03758
2.295 1.03627
2.296 1.03495
2.297 1.03362
2.298 1.03228
2.299 1.03093
2.3 1.02956
2.301 1.02819
2.302 1.0268
2.303 1.02541
2.304 1.024
2.305 1.02258
2.306 1.02115
2.307 1.01971
2.308 1.01826
2.309 1.01679
2.31 1.01532
2.311 1.01384
2.312 1.01234
2.313 1.01084
2.314 1.00932
2.315 1.00779
2.316 1.00625
2.317 1.0047
2.318 1.00314
2.319 1.00157
2.32 0.999992
2.321 0.998401
2.322 0.996799
2.323 0.995186
2.324 0.993563
2.325 0.991929
2.326 0.990285
2.327 0.98863
2.328 0.986965
2.329 0.98529
2.33 0.983605
2.331 0.981909
2.332 0.980203
2.333 0.978486
2.334 0.97676
2.335 0.975023
2.336 0.973276
2.337 0.971519
2.338 0.969752
2.339 0.967975
2.34 0.966188
2.341 0.964391
2.342 0.962584
2.343 0.960768
2.344 0.958941
2.345 0.957105
2.346 0.955258
2.347 0.953403
2.348 0.951537
2.349 0.949662
2.35 0.947777
2.351 0.945883
2.352 0.943979
2.353 0.942065
2.354 0.940143
2.355 0.93821
2.356 0.936269
2.357 0.934318
2.358 0.932358
2.359 0.930388
2.36 0.928409
2.361 0.926422
2.362 0.924425
2.363 0.922419
2.364 0.920404
2.365 0.91838
2.366 0.916347
2.367 0.914305
2.368 0.912254
2.369 0.910194
2.37 0.908126
2.371 0.906049
2.372 0.903963
2.373 0.901869
2.374 0.899766
2.375 0.897655
2.376 0.895535
2.377 0.893406
2.378 0.89127
2.379 0.889125
2.38 0.886971
2.381 0.88481
2.382 0.88264
2.383 0.880462
2.384 0.878275
2.385 0.876081
2.386 0.873879
2.387 0.871669
2.388 0.869451
2.389 0.867225
2.39 0.864991
2.391 0.86275
2.392 0.8605
2.393 0.858244
2.394 0.855979
2.395 0.853707
2.396 0.851427
2.397 0.84914
2.398 0.846846
2.399 0.844544
2.4 0.842235
2.401 0.839918
2.402 0.837595
2.403 0.835264
2.404 0.832926
2.405 0.830581
2.406 0.828229
2.407 0.82587
2.408 0.823505
2.409 0.821132
2.41 0.818753
2.411 0.816367
2.412 0.813974
2.413 0.811574
2.414 0.809168
2.415 0.806756
2.416 0.804337
2.417 0.801911
2.418 0.799479
2.419 0.797041
2.42 0.794597
2.421 0.792146
2.422 0.789689
2.423 0.787226
2.424 0.784757
2.425 0.782282
2.426 0.779802
2.427 0.777315
2.428 0.774822
2.429 0.772324
2.43 0.76982
2.431 0.76731
2.432 0.764794
2.433 0.762273
2.434 0.759747
2.435 0.757215
2.436 0.754678
2.437 0.752135
2.438 0.749587
2.439 0.747034
2.44 0.744475
2.441 0.741912
2.442 0.739343
2.443 0.73677
2.444 0.734191
2.445 0.731607
2.446 0.729019
2.447 0.726426
2.448 0.723828
2.449 0.721225
2.45 0.718618
2.451 0.716006
2.452 0.713389
2.453 0.710768
2.454 0.708143
2.455 0.705513
2.456 0.702879
2.457 0.700241
2.458 0.697598
2.459 0.694951
2.46 0.692301
2.461 0.689646
2.462 0.686987
2.463 0.684324
2.464 0.681657
2.465 0.678986
2.466 0.676312
2.467 0.673634
2.468 0.670952
2.469 0.668267
2.47 0.665577
2.471 0.662885
2.472 0.660189
2.473 0.657489
2.474 0.654786
2.475 0.65208
2.476 0.649371
2.477 0.646658
2.478 0.643942
2.479 0.641223
2.48 0.638501
2.481 0.635776
2.482 0.633048
2.483 0.630317
2.484 0.627584
2.485 0.624847
2.486 0.622108
2.487 0.619366
2.488 0.616621
2.489 0.613874
2.49 0.611124
2.491 0.608372
2.492 0.605617
2.493 0.60286
2.494 0.600101
2.495 0.597339
2.496 0.594575
2.497 0.591808
2.498 0.58904
2.499 0.58627
2.5 0.583497
2.501 0.580723
2.502 0.577946
2.503 0.575168
2.504 0.572387
2.505 0.569605
2.506 0.566821
2.507 0.564036
2.508 0.561249
2.509 0.55846
2.51 0.555669
2.511 0.552878
2.512 0.550084
2.513 0.547289
2.514 0.544493
2.515 0.541696
2.516 0.538897
2.517 0.536097
2.518 0.533295
2.519 0.530493
2.52 0.52769
2.521 0.524885
2.522 0.522079
2.523 0.519273
2.524 0.516465
2.525 0.513657
2.526 0.510848
2.527 0.508038
2.528 0.505227
2.529 0.502416
2.53 0.499604
2.531 0.496791
2.532 0.493978
2.533 0.491164
2.534 0.48835
2.535 0.485535
2.536 0.48272
2.537 0.479905
2.538 0.477089
2.539 0.474273
2.54 0.471457
2.541 0.468641
2.542 0.465824
2.543 0.463008
2.544 0.460191
2.545 0.457374
2.546 0.454558
2.547 0.451741
2.548 0.448925
2.549 0.446108
2.55 0.443292
2.551 0.440476
2.552 0.437661
2.553 0.434846
2.554 0.432031
2.555 0.429216
2.556 0.426402
2.557 0.423588
2.558 0.420775
2.559 0.417962
2.56 0.41515
2.561 0.412339
2.562 0.409528
2.563 0.406718
2.564 0.403909
2.565 0.4011
2.566 0.398293
2.567 0.395486
2.568 0.39268
2.569 0.389875
2.57 0.387071
2.571 0.384268
2.572 0.381465
2.573 0.378664
2.574 0.375865
2.575 0.373066
2.576 0.370268
2.577 0.367472
2.578 0.364677
2.579 0.361883
2.58 0.35909
2.581 0.356299
2.582 0.353509
2.583 0.350721
2.584 0.347934
2.585 0.345148
2.586 0.342364
2.587 0.339582
2.588 0.336801
2.589 0.334021
2.59 0.331244
2.591 0.328468
2.592 0.325694
2.593 0.322921
2.594 0.32015
2.595 0.317382
2.596 0.314615
2.597 0.311849
2.598 0.309086
2.599 0.306325
2.6 0.303565
2.601 0.300808
2.602 0.298052
2.603 0.295299
2.604 0.292548
2.605 0.289799
2.606 0.287052
2.607 0.284307
2.608 0.281564
2.609 0.278824
2.61 0.276086
2.611 0.27335
2.612 0.270616
2.613 0.267885
2.614 0.265156
2.615 0.26243
2.616 0.259705
2.617 0.256984
2.618 0.254265
2.619 0.251548
2.62 0.248834
2.621 0.246123
2.622 0.243414
2.623 0.240707
2.624 0.238004
2.625 0.235303
2.626 0.232604
2.627 0.229909
2.628 0.227216
2.629 0.224526
2.63 0.221839
2.631 0.219154
2.632 0.216473
2.633 0.213794
2.634 0.211118
2.635 0.208445
2.636 0.205775
2.637 0.203108
2.638 0.200444
2.639 0.197783
2.64 0.195125
2.641 0.19247
2.642 0.189818
2.643 0.18717
2.644 0.184524
2.645 0.181881
2.646 0.179242
2.647 0.176606
2.648 0.173973
2.649 0.171344
2.65 0.168717
2.651 0.166094
2.652 0.163475
2.653 0.160858
2.654 0.158245
2.655 0.155635
2.656 0.153029
2.657 0.150426
2.658 0.147827
2.659 0.145231
2.66 0.142638
2.661 0.140049
2.662 0.137464
2.663 0.134882
2.664 0.132303
2.665 0.129728
2.666 0.127157
2.667 0.12459
2.668 0.122026
2.669 0.119465
2.67 0.116909
2.671 0.114356
2.672 0.111806
2.673 0.109261
2.674 0.106719
2.675 0.104181
2.676 0.101647
2.677 0.0991164
2.678 0.0965898
2.679 0.0940671
2.68 0.0915482
2.681 0.0890332
2.682 0.0865221
2.683 0.0840148
2.684 0.0815116
2.685 0.0790122
2.686 0.0765168
2.687 0.0740254
2.688 0.071538
2.689 0.0690547
2.69 0.0665753
2.691 0.0641
2.692 0.0616287
2.693 0.0591616
2.694 0.0566985
2.695 0.0542395
2.696 0.0517847
2.697 0.049334
2.698 0.0468875
2.699 0.0444451
2.7 0.042007
2.701 0.039573
2.702 0.0371433
2.703 0.0347178
2.704 0.0322965
2.705 0.0298795
2.706 0.0274668
2.707 0.0250584
2.708 0.0226543
2.709 0.0202546
2.71 0.0178591
2.711 0.0154681
2.712 0.0130814
2.713 0.0106991
2.714 0.00832113
2.715 0.00594762
2.716 0.00357854
2.717 0.00121389
2.718 -0.0011463
2.719 -0.00350202
2.72 -0.00585326
2.721 -0.00820001
2.722 -0.0105423
2.723 -0.01288
2.724 -0.0152132
2.725 -0.0175418
2.726 -0.0198659
2.727 -0.0221854
2.728 -0.0245003
2.729 -0.0268106
2.73 -0.0291163
2.731 -0.0314174
2.732 -0.0337138
2.733 -0.0360056
2.734 -0.0382927
2.735 -0.0405751
2.736 -0.0428529
2.737 -0.0451259
2.738 -0.0473943
2.739 -0.0496579
2.74 -0.0519167
2.741 -0.0541709
2.742 -0.0564202
2.743 -0.0586648
2.744 -0.0609046
2.745 -0.0631396
2.746 -0.0653698
2.747 -0.0675952
2.748 -0.0698157
2.749 -0.0720314
2.75 -0.0742422
2.751 -0.0764482
2.752 -0.0786493
2.753 -0.0808455
2.754 -0.0830368
2.755 -0.0852232
2.756 -0.0874046
2.757 -0.0895811
2.758 -0.0917527
2.759 -0.0939193
2.76 -0.0960809
2.761 -0.0982376
2.762 -0.100389
2.763 -0.102536
2.764 -0.104678
2.765 -0.106814
2.766 -0.108946
2.767 -0.111072
2.768 -0.113194
2.769 -0.11531
2.77 -0.117422
2.771 -0.119528
2.772 -0.121629
2.773 -0.123725
2.774 -0.125816
2.775 -0.127902
2.776 -0.129982
2.777 -0.132058
2.778 -0.134128
2.779 -0.136193
2.78 -0.138253
2.781 -0.140308
2.782 -0.142358
2.783 -0.144402
2.784 -0.146441
2.785 -0.148475
2.786 -0.150504
2.787 -0.152527
2.788 -0.154545
2.789 -0.156558
2.79 -0.158566
2.791 -0.160568
2.792 -0.162565
2.793 -0.164557
2.794 -0.166543
2.795 -0.168524
2.796 -0.1705
2.797 -0.17247
2.798 -0.174435
2.799 -0.176394
2.8 -0.178349
2.801 -0.180297
2.802 -0.182241
2.803 -0.184179
2.804 -0.186111
2.805 -0.188038
2.806 -0.18996
2.807 -0.191876
2.808 -0.193787
2.809 -0.195692
2.81 -0.197592
2.811 -0.199486
2.812 -0.201375
2.813 -0.203258
2.814 -0.205136
2.815 -0.207008
2.816 -0.208875
2.817 -0.210736
2.818 -0.212591
2.819 -0.214441
2.82 -0.216285
2.821 -0.218124
2.822 -0.219957
2.823 -0.221785
2.824 -0.223607
2.825 -0.225423
2.826 -0.227234
2.827 -0.229039
2.828 -0.230838
2.829 -0.232632
2.83 -0.23442
2.831 -0.236202
2.832 -0.237978
2.833 -0.239749
2.834 -0.241514
2.835 -0.243274
2.836 -0.245027
2.837 -0.246775
2.838 -0.248517
2.839 -0.250254
2.84 -0.251984
2.841 -0.253709
2.842 -0.255428
2.843 -0.257141
2.844 -0.258848
2.845 -0.26055
2.846 -0.262245
2.847 -0.263935
2.848 -0.265619
2.849 -0.267297
2.85 -0.268969
2.851 -0.270635
2.852 -0.272296
2.853 -0.27395
2.854 -0.275598
2.855 -0.277241
2.856 -0.278878
2.857 -0.280508
2.858 -0.282133
2.859 -0.283751
2.86 -0.285364
2.861 -0.286971
2.862 -0.288571
2.863 -0.290166
2.864 -0.291755
2.865 -0.293337
2.866 -0.294914
2.867 -0.296484
2.868 -0.298048
2.869 -0.299607
2.87 -0.301159
2.871 -0.302705
2.872 -0.304245
2.873 -0.305779
2.874 -0.307306
2.875 -0.308828
2.876 -0.310343
2.877 -0.311852
2.878 -0.313355
2.879 -0.314852
2.88 -0.316342
2.881 -0.317827
2.882 -0.319305
2.883 -0.320777
2.884 -0.322242
2.885 -0.323702
2.886 -0.325155
2.887 -0.326602
2.888 -0.328042
2.889 -0.329476
2.89 -0.330904
2.891 -0.332325
2.892 -0.333741
2.893 -0.335149
2.894 -0.336552
2.895 -0.337948
2.896 -0.339338
2.897 -0.340721
2.898 -0.342098
2.899 -0.343468
2.9 -0.344832
2.901 -0.346189
2.902 -0.347541
2.903 -0.348885
2.904 -0.350223
2.905 -0.351555
2.906 -0.35288
2.907 -0.354198
2.908 -0.35551
2.909 -0.356816
2.91 -0.358115
2.911 -0.359407
2.912 -0.360693
2.913 -0.361972
2.914 -0.363245
2.915 -0.36451
2.916 -0.36577
2.917 -0.367022
2.918 -0.368268
2.919 -0.369508
2.92 -0.37074
2.921 -0.371966
2.922 -0.373185
2.923 -0.374398
2.924 -0.375604
2.925 -0.376803
2.926 -0.377995
2.927 -0.379181
2.928 -0.380359
2.929 -0.381531
2.93 -0.382696
2.931 -0.383855
2.932 -0.385006
2.933 -0.386151
2.934 -0.387288
2.935 -0.388419
2.936 -0.389543
2.937 -0.39066
2.938 -0.39177
2.939 -0.392874
2.94 -0.39397
2.941 -0.395059
2.942 -0.396141
2.943 -0.397217
2.944 -0.398285
2.945 -0.399347
2.946 -0.400401
2.947 -0.401448
2.948 -0.402489
2.949 -0.403522
2.95 -0.404548
2.951 -0.405567
2.952 -0.406579
2.953 -0.407584
2.954 -0.408582
2.955 -0.409572
2.956 -0.410556
2.957 -0.411532
2.958 -0.412501
2.959 -0.413463
2.96 -0.414418
2.961 -0.415365
2.962 -0.416305
2.963 -0.417238
2.964 -0.418164
2.965 -0.419082
2.966 -0.419993
2.967 -0.420897
2.968 -0.421794
2.969 -0.422683
2.97 -0.423565
2.971 -0.424439
2.972 -0.425307
2.973 -0.426166
2.974 -0.427019
2.975 -0.427864
2.976 -0.428701
2.977 -0.429531
2.978 -0.430354
2.979 -0.431169
2.98 -0.431976
2.981 -0.432777
2.982 -0.433569
2.983 -0.434354
2.984 -0.435132
2.985 -0.435902
2.986 -0.436664
2.987 -0.437419
2.988 -0.438167
2.989 -0.438906
2.99 -0.439638
2.991 -0.440363
2.992 -0.44108
2.993 -0.441789
2.994 -0.44249
2.995 -0.443184
2.996 -0.44387
2.997 -0.444549
2.998 -0.445219
2.999 -0.445882
3 -0.446537
