0 1
0.01 2.9602
0.02 3.58746
0.03 3.77067
0.04 3.80612
0.05 3.79257
0.06 3.76294
0.07 3.7282
0.08 3.69201
0.09 3.65557
0.1 3.6193
0.11 3.58332
0.12 3.54768
0.13 3.51238
0.14 3.47743
0.15 3.44283
0.16 3.40858
0.17 3.37466
0.18 3.34108
0.19 3.30784
0.2 3.27492
0.21 3.24234
0.22 3.21008
0.23 3.17813
0.24 3.14651
0.25 3.1152
0.26 3.08421
0.27 3.05352
0.28 3.02313
0.29 2.99305
0.3 2.96327
0.31 2.93379
0.32 2.9046
0.33 2.87569
0.34 2.84708
0.35 2.81875
0.36 2.79071
0.37 2.76294
0.38 2.73545
0.39 2.70823
0.4 2.68128
0.41 2.6546
0.42 2.62819
0.43 2.60204
0.44 2.57615
0.45 2.55051
0.46 2.52513
0.47 2.50001
0.48 2.47513
0.49 2.45051
0.5 2.42612
0.51 2.40198
0.52 2.37808
0.53 2.35442
0.54 2.33099
0.55 2.3078
0.56 2.28484
0.57 2.2621
0.58 2.23959
0.59 2.21731
0.6 2.19525
0.61 2.1734
0.62 2.15178
0.63 2.13037
0.64 2.10917
0.65 2.08818
0.66 2.06741
0.67 2.04683
0.68 2.02647
0.69 2.0063
0.7 1.98634
0.71 1.96658
0.72 1.94701
0.73 1.92764
0.74 1.90846
0.75 1.88947
0.76 1.87067
0.77 1.85205
0.78 1.83362
0.79 1.81538
0.8 1.79732
0.81 1.77943
0.82 1.76173
0.83 1.7442
0.84 1.72684
0.85 1.70966
0.86 1.69265
0.87 1.67581
0.88 1.65913
0.89 1.64262
0.9 1.62628
0.91 1.6101
0.92 1.59408
0.93 1.57821
0.94 1.56251
0.95 1.54696
0.96 1.53157
0.97 1.51633
0.98 1.50124
0.99 1.48631
1 1.47152
1.01 1.45688
1.02 1.44238
1.03 1.42803
1.04 1.41382
1.05 1.39975
1.06 1.38582
1.07 1.37203
1.08 1.35838
1.09 1.34487
1.1 1.33148
1.11 1.31824
1.12 1.30512
1.13 1.29213
1.14 1.27928
1.15 1.26655
1.16 1.25394
1.17 1.24147
1.18 1.22911
1.19 1.21688
1.2 1.20478
1.21 1.19279
1.22 1.18092
1.23 1.16917
1.24 1.15754
1.25 1.14602
1.26 1.13462
1.27 1.12333
1.28 1.11215
1.29 1.10108
1.3 1.09013
1.31 1.07928
1.32 1.06854
1.33 1.05791
1.34 1.04738
1.35 1.03696
1.36 1.02664
1.37 1.01643
1.38 1.00631
1.39 0.996301
1.4 0.986388
1.41 0.976573
1.42 0.966856
1.43 0.957236
1.44 0.947711
1.45 0.938281
1.46 0.928945
1.47 0.919702
1.48 0.910551
1.49 0.901491
1.5 0.892521
1.51 0.88364
1.52 0.874847
1.53 0.866143
1.54 0.857524
1.55 0.848992
1.56 0.840544
1.57 0.832181
1.58 0.8239
1.59 0.815702
1.6 0.807586
1.61 0.79955
1.62 0.791595
1.63 0.783718
1.64 0.77592
1.65 0.7682
1.66 0.760556
1.67 0.752988
1.68 0.745496
1.69 0.738078
1.7 0.730734
1.71 0.723463
1.72 0.716265
1.73 0.709138
1.74 0.702082
1.75 0.695096
1.76 0.688179
1.77 0.681332
1.78 0.674553
1.79 0.667841
1.8 0.661196
1.81 0.654616
1.82 0.648103
1.83 0.641654
1.84 0.63527
1.85 0.628949
1.86 0.62269
1.87 0.616495
1.88 0.61036
1.89 0.604287
1.9 0.598274
1.91 0.592321
1.92 0.586428
1.93 0.580593
1.94 0.574816
1.95 0.569096
1.96 0.563434
1.97 0.557827
1.98 0.552277
1.99 0.546782
2 0.541341
2.01 0.535955
2.02 0.530622
2.03 0.525342
2.04 0.520115
2.05 0.51494
2.06 0.509816
2.07 0.504743
2.08 0.499721
2.09 0.494748
2.1 0.489826
2.11 0.484952
2.12 0.480126
2.13 0.475349
2.14 0.470619
2.15 0.465937
2.16 0.4613
2.17 0.45671
2.18 0.452166
2.19 0.447667
2.2 0.443213
2.21 0.438803
2.22 0.434436
2.23 0.430114
2.24 0.425834
2.25 0.421597
2.26 0.417402
2.27 0.413249
2.28 0.409137
2.29 0.405066
2.3 0.401035
2.31 0.397045
2.32 0.393094
2.33 0.389183
2.34 0.385311
2.35 0.381477
2.36 0.377681
2.37 0.373923
2.38 0.370202
2.39 0.366519
2.4 0.362872
2.41 0.359261
2.42 0.355686
2.43 0.352147
2.44 0.348643
2.45 0.345174
2.46 0.34174
2.47 0.338339
2.48 0.334973
2.49 0.33164
2.5 0.32834
2.51 0.325073
2.52 0.321838
2.53 0.318636
2.54 0.315466
2.55 0.312327
2.56 0.309219
2.57 0.306142
2.58 0.303096
2.59 0.30008
2.6 0.297094
2.61 0.294138
2.62 0.291211
2.63 0.288314
2.64 0.285445
2.65 0.282605
2.66 0.279793
2.67 0.277009
2.68 0.274253
2.69 0.271524
2.7 0.268822
2.71 0.266147
2.72 0.263499
2.73 0.260877
2.74 0.258281
2.75 0.255711
2.76 0.253167
2.77 0.250648
2.78 0.248154
2.79 0.245685
2.8 0.24324
2.81 0.24082
2.82 0.238424
2.83 0.236051
2.84 0.233703
2.85 0.231377
2.86 0.229075
2.87 0.226796
2.88 0.224539
2.89 0.222305
2.9 0.220093
2.91 0.217903
2.92 0.215735
2.93 0.213588
2.94 0.211463
2.95 0.209359
2.96 0.207276
2.97 0.205213
2.98 0.203171
2.99 0.20115
3 0.199148
