1 1 
0.997995 1.002 
0.99598 1.00399 
0.993955 1.00598 
0.99192 1.00797 
0.989875 1.00995 
0.987819 1.01193 
0.985754 1.0139 
0.983679 1.01587 
0.981593 1.01784 
0.979497 1.0198 
0.977391 1.02176 
0.975275 1.02371 
0.973149 1.02566 
0.971013 1.02761 
0.968866 1.02955 
0.966709 1.03149 
0.964542 1.03342 
0.962365 1.03535 
0.960177 1.03728 
0.957979 1.0392 
0.955771 1.04112 
0.953552 1.04303 
0.951323 1.04494 
0.949084 1.04685 
0.946834 1.04875 
0.944574 1.05065 
0.942304 1.05255 
0.940023 1.05444 
0.937732 1.05632 
0.93543 1.0582 
0.933118 1.06008 
0.930796 1.06196 
0.928463 1.06383 
0.926119 1.06569 
0.923765 1.06756 
0.921401 1.06941 
0.919026 1.07127 
0.91664 1.07312 
0.914244 1.07497 
0.911838 1.07681 
0.90942 1.07865 
0.906993 1.08048 
0.904554 1.08231 
0.902105 1.08414 
0.899646 1.08596 
0.897175 1.08778 
0.894695 1.08959 
0.892203 1.0914 
0.889701 1.09321 
0.887188 1.09501 
0.884665 1.09681 
0.88213 1.0986 
0.879586 1.10039 
0.87703 1.10217 
0.874464 1.10395 
0.871887 1.10573 
0.869299 1.10751 
0.866701 1.10927 
0.864091 1.11104 
0.861471 1.1128 
0.858841 1.11456 
0.856199 1.11631 
0.853547 1.11806 
0.850884 1.1198 
0.84821 1.12154 
0.845525 1.12328 
0.84283 1.12501 
0.840124 1.12673 
0.837406 1.12846 
0.834679 1.13018 
0.83194 1.13189 
0.82919 1.1336 
0.82643 1.13531 
0.823659 1.13701 
0.820876 1.13871 
0.818084 1.1404 
0.81528 1.14209 
0.812465 1.14377 
0.80964 1.14545 
0.806803 1.14713 
0.803956 1.1488 
0.801098 1.15047 
0.798229 1.15213 
0.795349 1.15379 
0.792458 1.15544 
0.789557 1.15709 
0.786644 1.15874 
0.783721 1.16038 
0.780787 1.16201 
0.777841 1.16365 
0.774885 1.16527 
0.771919 1.1669 
0.768941 1.16851 
0.765952 1.17013 
0.762953 1.17174 
0.759943 1.17334 
0.756921 1.17494 
0.753889 1.17654 
0.750846 1.17813 
0.747793 1.17971 
0.744728 1.18129 
0.741653 1.18287 
0.738566 1.18444 
0.735469 1.18601 
0.732361 1.18757 
0.729243 1.18913 
0.726113 1.19068 
0.722973 1.19223 
0.719822 1.19378 
0.71666 1.19531 
0.713487 1.19685 
0.710303 1.19838 
0.707109 1.1999 
0.703904 1.20142 
0.700688 1.20293 
0.697462 1.20444 
0.694225 1.20595 
0.690977 1.20744 
0.687718 1.20894 
0.684449 1.21043 
0.681169 1.21191 
0.677878 1.21339 
0.674577 1.21486 
0.671265 1.21633 
0.667942 1.21779 
0.664609 1.21925 
0.661265 1.22071 
0.657911 1.22215 
0.654546 1.22359 
0.651171 1.22503 
0.647785 1.22646 
0.644388 1.22789 
0.640981 1.22931 
0.637564 1.23072 
0.634136 1.23213 
0.630698 1.23354 
0.627249 1.23494 
0.62379 1.23633 
0.620321 1.23772 
0.616841 1.2391 
0.613351 1.24048 
0.609851 1.24185 
0.60634 1.24321 
0.602819 1.24457 
0.599288 1.24592 
0.595747 1.24727 
0.592195 1.24861 
0.588633 1.24995 
0.585062 1.25128 
0.58148 1.2526 
0.577888 1.25392 
0.574286 1.25523 
0.570674 1.25654 
0.567052 1.25784 
0.56342 1.25913 
0.559778 1.26042 
0.556127 1.2617 
0.552465 1.26298 
0.548794 1.26424 
0.545113 1.26551 
0.541422 1.26676 
0.537721 1.26801 
0.534011 1.26926 
0.530291 1.27049 
0.526562 1.27172 
0.522823 1.27295 
0.519074 1.27416 
0.515316 1.27537 
0.511549 1.27658 
0.507772 1.27778 
0.503985 1.27897 
0.50019 1.28015 
0.496385 1.28133 
0.49257 1.2825 
0.488747 1.28366 
0.484914 1.28482 
0.481073 1.28596 
0.477222 1.28711 
0.473362 1.28824 
0.469493 1.28937 
0.465616 1.29049 
0.461729 1.2916 
0.457834 1.29271 
0.453929 1.29381 
0.450016 1.2949 
0.446095 1.29598 
0.442164 1.29706 
0.438225 1.29813 
0.434278 1.29919 
0.430322 1.30025 
0.426357 1.30129 
0.422385 1.30233 
0.418403 1.30336 
0.414414 1.30438 
0.410416 1.3054 
0.406411 1.30641 
0.402397 1.30741 
0.398375 1.3084 
0.394345 1.30938 
0.390307 1.31036 
0.386261 1.31132 
0.382208 1.31228 
0.378146 1.31323 
0.374077 1.31418 
0.370001 1.31511 
0.365917 1.31604 
0.361825 1.31695 
0.357726 1.31786 
0.353619 1.31876 
0.349506 1.31965 
0.345385 1.32054 
0.341256 1.32141 
0.337121 1.32228 
0.332979 1.32313 
0.328829 1.32398 
0.324673 1.32482 
0.32051 1.32565 
0.31634 1.32647 
0.312164 1.32728 
0.307981 1.32809 
0.303791 1.32888 
0.299595 1.32966 
0.295393 1.33044 
0.291184 1.3312 
0.286969 1.33196 
0.282748 1.33271 
0.27852 1.33344 
0.274287 1.33417 
0.270048 1.33489 
0.265802 1.3356 
0.261552 1.33629 
0.257295 1.33698 
0.253033 1.33766 
0.248765 1.33833 
0.244492 1.33899 
0.240213 1.33964 
0.235929 1.34027 
0.23164 1.3409 
0.227346 1.34152 
0.223047 1.34213 
0.218743 1.34272 
0.214434 1.34331 
0.21012 1.34389 
0.205801 1.34445 
0.201478 1.34501 
0.19715 1.34555 
0.192818 1.34609 
0.188482 1.34661 
0.184141 1.34712 
0.179796 1.34762 
0.175447 1.34811 
0.171094 1.34859 
0.166737 1.34906 
0.162377 1.34952 
0.158012 1.34996 
0.153645 1.3504 
0.149273 1.35082 
0.144898 1.35123 
0.14052 1.35164 
0.136138 1.35202 
0.131754 1.3524 
0.127366 1.35277 
0.122976 1.35312 
0.118582 1.35346 
0.114186 1.3538 
0.109787 1.35411 
0.105386 1.35442 
0.100982 1.35472 
0.0965757 1.355 
0.0921673 1.35527 
0.0877566 1.35553 
0.0833439 1.35578 
0.0789293 1.35601 
0.0745128 1.35623 
0.0700945 1.35644 
0.0656746 1.35664 
0.0612531 1.35683 
0.0568302 1.357 
0.0524059 1.35716 
0.0479804 1.3573 
0.0435538 1.35744 
0.0391261 1.35756 
0.0346975 1.35767 
0.0302681 1.35777 
0.0258379 1.35785 
0.0214071 1.35792 
0.0169758 1.35798 
0.0125441 1.35802 
0.00811212 1.35805 
0.00367993 1.35807 
-0.000752354 1.35807 
-0.00518462 1.35806 
-0.00961676 1.35804 
-0.0140487 1.35801 
-0.0184802 1.35796 
-0.0229114 1.35789 
-0.0273419 1.35782 
-0.0317718 1.35773 
-0.036201 1.35762 
-0.0406292 1.35751 
-0.0450565 1.35738 
-0.0494827 1.35723 
-0.0539077 1.35707 
-0.0583314 1.3569 
-0.0627536 1.35671 
-0.0671743 1.35651 
-0.0715934 1.3563 
-0.0760108 1.35607 
-0.0804263 1.35583 
-0.0848398 1.35557 
-0.0892513 1.3553 
-0.0936606 1.35501 
-0.0980676 1.35471 
-0.102472 1.3544 
-0.106874 1.35407 
-0.111274 1.35373 
-0.115671 1.35337 
-0.120064 1.353 
-0.124455 1.35261 
-0.128843 1.35221 
-0.133228 1.35179 
-0.13761 1.35136 
-0.141988 1.35091 
-0.146362 1.35045 
-0.150734 1.34998 
-0.155101 1.34949 
-0.159464 1.34898 
-0.163824 1.34846 
-0.16818 1.34793 
-0.172531 1.34738 
-0.176879 1.34681 
-0.181221 1.34623 
-0.18556 1.34564 
-0.189894 1.34502 
-0.194223 1.3444 
-0.198548 1.34376 
-0.202867 1.3431 
-0.207182 1.34243 
-0.211491 1.34174 
-0.215796 1.34104 
-0.220095 1.34032 
-0.224388 1.33959 
-0.228677 1.33884 
-0.232959 1.33808 
-0.237236 1.3373 
-0.241507 1.3365 
-0.245772 1.33569 
-0.250031 1.33487 
-0.254284 1.33403 
-0.258531 1.33317 
-0.262771 1.3323 
-0.267005 1.33141 
-0.271233 1.33051 
-0.275453 1.32959 
-0.279667 1.32865 
-0.283875 1.3277 
-0.288075 1.32673 
-0.292268 1.32575 
-0.296454 1.32475 
-0.300633 1.32374 
-0.304805 1.32271 
-0.308969 1.32167 
-0.313126 1.32061 
-0.317275 1.31953 
-0.321417 1.31844 
-0.32555 1.31733 
-0.329676 1.3162 
-0.333794 1.31506 
-0.337903 1.31391 
-0.342005 1.31274 
-0.346098 1.31155 
-0.350183 1.31035 
-0.35426 1.30913 
-0.358327 1.30789 
-0.362387 1.30664 
-0.366437 1.30537 
-0.370479 1.30409 
-0.374512 1.30279 
-0.378536 1.30148 
-0.382551 1.30015 
-0.386557 1.2988 
-0.390553 1.29744 
-0.39454 1.29606 
-0.398518 1.29467 
-0.402486 1.29326 
-0.406445 1.29184 
-0.410394 1.2904 
-0.414334 1.28894 
-0.418263 1.28747 
-0.422183 1.28598 
-0.426093 1.28448 
-0.429992 1.28296 
-0.433882 1.28142 
-0.437761 1.27987 
-0.44163 1.2783 
-0.445489 1.27672 
-0.449337 1.27512 
-0.453175 1.27351 
-0.457002 1.27188 
-0.460819 1.27024 
-0.464625 1.26858 
-0.46842 1.2669 
-0.472204 1.26521 
-0.475977 1.2635 
-0.479739 1.26178 
-0.483491 1.26005 
-0.487231 1.25829 
-0.490959 1.25652 
-0.494677 1.25474 
-0.498383 1.25294 
-0.502078 1.25113 
-0.505761 1.2493 
-0.509433 1.24746 
-0.513094 1.2456 
-0.516742 1.24372 
-0.520379 1.24183 
-0.524004 1.23993 
-0.527618 1.23801 
-0.531219 1.23607 
-0.534809 1.23412 
-0.538386 1.23216 
-0.541951 1.23018 
-0.545505 1.22818 
-0.549046 1.22617 
-0.552575 1.22415 
-0.556092 1.22211 
-0.559596 1.22006 
-0.563088 1.21799 
-0.566567 1.2159 
-0.570034 1.21381 
-0.573489 1.2117 
-0.576931 1.20957 
-0.58036 1.20743 
-0.583777 1.20527 
-0.587181 1.20311 
-0.590572 1.20092 
-0.593951 1.19872 
-0.597316 1.19651 
-0.600669 1.19429 
-0.604009 1.19205 
-0.607336 1.18979 
-0.610649 1.18752 
-0.61395 1.18524 
-0.617238 1.18295 
-0.620512 1.18064 
-0.623774 1.17832 
-0.627022 1.17598 
-0.630257 1.17363 
-0.633478 1.17126 
-0.636687 1.16889 
-0.639882 1.1665 
-0.643064 1.16409 
-0.646232 1.16168 
-0.649387 1.15925 
-0.652528 1.1568 
-0.655656 1.15435 
-0.65877 1.15188 
-0.661871 1.14939 
-0.664958 1.1469 
-0.668032 1.14439 
-0.671092 1.14187 
-0.674139 1.13933 
-0.677171 1.13679 
-0.68019 1.13423 
-0.683196 1.13166 
-0.686187 1.12907 
-0.689165 1.12648 
-0.692129 1.12387 
-0.695079 1.12125 
-0.698015 1.11861 
-0.700938 1.11597 
-0.703847 1.11331 
-0.706741 1.11064 
-0.709622 1.10796 
-0.712489 1.10527 
-0.715342 1.10256 
-0.718181 1.09985 
-0.721006 1.09712 
-0.723818 1.09438 
-0.726615 1.09163 
-0.729398 1.08887 
-0.732167 1.0861 
-0.734922 1.08331 
-0.737663 1.08052 
-0.74039 1.07771 
-0.743103 1.07489 
-0.745802 1.07206 
-0.748487 1.06923 
-0.751158 1.06638 
-0.753815 1.06351 
-0.756458 1.06064 
-0.759086 1.05776 
-0.761701 1.05487 
-0.764301 1.05197 
-0.766888 1.04906 
-0.76946 1.04613 
-0.772018 1.0432 
-0.774562 1.04026 
-0.777092 1.0373 
-0.779607 1.03434 
-0.782109 1.03137 
-0.784597 1.02839 
-0.78707 1.0254 
-0.789529 1.02239 
-0.791975 1.01938 
-0.794406 1.01636 
-0.796823 1.01333 
-0.799226 1.0103 
-0.801614 1.00725 
-0.803989 1.00419 
-0.80635 1.00113 
-0.808696 0.998052 
-0.811029 0.994969 
-0.813347 0.991877 
-0.815651 0.988777 
-0.817942 0.985668 
-0.820218 0.98255 
-0.82248 0.979425 
-0.824728 0.97629 
-0.826962 0.973148 
-0.829182 0.969998 
-0.831388 0.966839 
-0.83358 0.963673 
-0.835759 0.960498 
-0.837923 0.957316 
-0.840073 0.954127 
-0.842209 0.950929 
-0.844331 0.947724 
-0.84644 0.944512 
-0.848534 0.941292 
-0.850614 0.938065 
-0.852681 0.934831 
-0.854734 0.93159 
-0.856773 0.928342 
-0.858798 0.925087 
-0.860809 0.921824 
-0.862806 0.918556 
-0.86479 0.91528 
-0.866759 0.911998 
-0.868715 0.908709 
-0.870657 0.905414 
-0.872586 0.902113 
-0.874501 0.898805 
-0.876402 0.895491 
-0.878289 0.892171 
-0.880162 0.888845 
-0.882022 0.885513 
-0.883869 0.882175 
-0.885701 0.878831 
-0.887521 0.875482 
-0.889326 0.872127 
-0.891118 0.868766 
-0.892897 0.8654 
-0.894661 0.862029 
-0.896413 0.858653 
-0.898151 0.855271 
-0.899875 0.851884 
-0.901586 0.848492 
-0.903284 0.845095 
-0.904968 0.841693 
-0.906639 0.838286 
-0.908296 0.834875 
-0.90994 0.831459 
-0.911571 0.828039 
-0.913188 0.824614 
-0.914792 0.821184 
-0.916383 0.817751 
-0.917961 0.814313 
-0.919525 0.81087 
-0.921077 0.807424 
-0.922615 0.803974 
-0.92414 0.80052 
-0.925652 0.797062 
-0.92715 0.7936 
-0.928636 0.790135 
-0.930109 0.786665 
-0.931568 0.783193 
-0.933015 0.779717 
-0.934449 0.776237 
-0.935869 0.772754 
-0.937277 0.769268 
-0.938672 0.765779 
-0.940054 0.762287 
-0.941423 0.758792 
-0.942779 0.755293 
-0.944123 0.751792 
-0.945453 0.748288 
-0.946771 0.744782 
-0.948076 0.741273 
-0.949369 0.737761 
-0.950648 0.734247 
-0.951916 0.73073 
-0.95317 0.727211 
-0.954412 0.72369 
-0.955641 0.720166 
-0.956858 0.71664 
-0.958062 0.713113 
-0.959254 0.709583 
-0.960433 0.706051 
-0.961599 0.702518 
-0.962754 0.698982 
-0.963896 0.695445 
-0.965025 0.691907 
-0.966142 0.688367 
-0.967247 0.684825 
-0.968339 0.681282 
-0.969419 0.677737 
-0.970487 0.674191 
-0.971543 0.670644 
-0.972586 0.667096 
-0.973618 0.663547 
-0.974637 0.659996 
-0.975644 0.656445 
-0.976639 0.652893 
-0.977622 0.64934 
-0.978592 0.645786 
-0.979551 0.642231 
-0.980498 0.638676 
-0.981432 0.63512 
-0.982355 0.631564 
-0.983266 0.628007 
-0.984165 0.62445 
-0.985052 0.620893 
-0.985927 0.617335 
-0.98679 0.613777 
-0.987642 0.610219 
-0.988482 0.606661 
-0.98931 0.603103 
-0.990126 0.599544 
-0.990931 0.595986 
-0.991723 0.592428 
-0.992505 0.588871 
-0.993274 0.585313 
-0.994032 0.581756 
-0.994779 0.578199 
-0.995513 0.574643 
-0.996237 0.571087 
-0.996949 0.567532 
-0.997649 0.563977 
-0.998338 0.560424 
-0.999015 0.55687 
-0.999681 0.553318 
-1.00034 0.549766 
-1.00098 0.546216 
-1.00161 0.542666 
-1.00223 0.539117 
-1.00284 0.53557 
-1.00344 0.532023 
-1.00403 0.528478 
-1.0046 0.524933 
-1.00517 0.52139 
-1.00572 0.517849 
-1.00626 0.514309 
-1.00679 0.51077 
-1.00731 0.507232 
-1.00782 0.503696 
-1.00832 0.500162 
-1.0088 0.49663 
-1.00928 0.493099 
-1.00974 0.489569 
-1.0102 0.486042 
-1.01064 0.482516 
-1.01107 0.478992 
-1.01149 0.47547 
-1.0119 0.47195 
-1.0123 0.468432 
-1.01269 0.464917 
-1.01307 0.461403 
-1.01344 0.457891 
-1.01379 0.454382 
-1.01414 0.450874 
-1.01447 0.447369 
-1.01479 0.443867 
-1.01511 0.440366 
-1.01541 0.436869 
-1.0157 0.433373 
-1.01598 0.42988 
-1.01625 0.42639 
-1.01651 0.422902 
-1.01676 0.419417 
-1.017 0.415934 
-1.01723 0.412454 
-1.01745 0.408977 
-1.01765 0.405503 
-1.01785 0.402031 
-1.01804 0.398563 
-1.01821 0.395097 
-1.01838 0.391634 
-1.01853 0.388174 
-1.01868 0.384718 
-1.01881 0.381264 
-1.01894 0.377813 
-1.01905 0.374366 
-1.01916 0.370922 
-1.01925 0.36748 
-1.01933 0.364043 
-1.0194 0.360608 
-1.01947 0.357177 
-1.01952 0.353749 
-1.01956 0.350324 
-1.01959 0.346903 
-1.01962 0.343485 
-1.01963 0.340071 
-1.01963 0.33666 
-1.01962 0.333253 
-1.0196 0.32985 
-1.01957 0.32645 
-1.01954 0.323054 
-1.01949 0.319661 
-1.01943 0.316272 
-1.01936 0.312887 
-1.01928 0.309506 
-1.01919 0.306128 
-1.01909 0.302755 
-1.01899 0.299385 
-1.01887 0.296019 
-1.01874 0.292657 
-1.0186 0.289299 
-1.01845 0.285945 
-1.0183 0.282595 
-1.01813 0.279249 
-1.01795 0.275908 
-1.01776 0.27257 
-1.01757 0.269236 
-1.01736 0.265907 
-1.01714 0.262582 
-1.01692 0.259261 
-1.01668 0.255944 
-1.01644 0.252632 
-1.01618 0.249324 
-1.01592 0.24602 
-1.01564 0.24272 
-1.01536 0.239425 
-1.01506 0.236134 
-1.01476 0.232848 
-1.01445 0.229566 
-1.01412 0.226289 
-1.01379 0.223016 
-1.01345 0.219748 
-1.0131 0.216484 
-1.01274 0.213225 
-1.01237 0.20997 
-1.01199 0.20672 
-1.0116 0.203475 
-1.0112 0.200234 
-1.01079 0.196998 
-1.01037 0.193767 
-1.00994 0.19054 
-1.00951 0.187319 
-1.00906 0.184102 
-1.0086 0.180889 
-1.00814 0.177682 
-1.00766 0.174479 
-1.00718 0.171282 
-1.00669 0.168089 
-1.00618 0.164901 
-1.00567 0.161718 
-1.00515 0.15854 
-1.00462 0.155367 
-1.00408 0.152198 
-1.00353 0.149035 
-1.00297 0.145877 
-1.0024 0.142724 
-1.00183 0.139576 
-1.00124 0.136433 
-1.00064 0.133295 
-1.00004 0.130162 
-0.999426 0.127034 
-0.998803 0.123912 
-0.99817 0.120794 
-0.997528 0.117682 
-0.996877 0.114575 
-0.996217 0.111473 
-0.995548 0.108376 
-0.994869 0.105285 
-0.994182 0.102199 
-0.993485 0.0991178 
-0.992779 0.0960421 
-0.992064 0.0929718 
-0.99134 0.0899068 
-0.990606 0.086847 
-0.989864 0.0837927 
-0.989113 0.0807437 
-0.988352 0.0777 
-0.987582 0.0746618 
-0.986804 0.0716289 
-0.986016 0.0686014 
-0.985219 0.0655794 
-0.984413 0.0625628 
-0.983598 0.0595517 
-0.982774 0.056546 
-0.981941 0.0535458 
-0.981099 0.0505511 
-0.980249 0.0475619 
-0.979389 0.0445782 
-0.97852 0.0416001 
-0.977642 0.0386274 
-0.976755 0.0356604 
-0.975859 0.0326989 
-0.974954 0.0297429 
-0.97404 0.0267926 
-0.973118 0.0238479 
-0.972186 0.0209087 
-0.971245 0.0179752 
-0.970296 0.0150474 
-0.969337 0.0121251 
-0.96837 0.00920855 
-0.967394 0.00629763 
-0.966409 0.0033924 
-0.965415 0.000492849 
-0.964412 -0.002401 
-0.9634 -0.00528915 
-0.962379 -0.00817158 
-0.96135 -0.0110483 
-0.960311 -0.0139193 
-0.959264 -0.0167845 
-0.958208 -0.0196439 
-0.957143 -0.0224976 
-0.956069 -0.0253456 
-0.954986 -0.0281877 
-0.953895 -0.0310241 
-0.952795 -0.0338546 
-0.951686 -0.0366794 
-0.950568 -0.0394983 
-0.949441 -0.0423114 
-0.948306 -0.0451187 
-0.947161 -0.0479201 
-0.946008 -0.0507157 
-0.944846 -0.0535054 
-0.943676 -0.0562892 
-0.942496 -0.0590672 
-0.941308 -0.0618392 
-0.940111 -0.0646054 
-0.938905 -0.0673657 
-0.937691 -0.0701201 
-0.936468 -0.0728685 
-0.935236 -0.0756111 
-0.933995 -0.0783477 
-0.932746 -0.0810783 
-0.931488 -0.0838031 
-0.930221 -0.0865218 
-0.928945 -0.0892347 
-0.927661 -0.0919415 
-0.926368 -0.0946424 
-0.925066 -0.0973373 
-0.923756 -0.100026 
-0.922437 -0.102709 
-0.921109 -0.105386 
-0.919772 -0.108057 
-0.918427 -0.110722 
-0.917073 -0.113381 
-0.915711 -0.116034 
-0.91434 -0.11868 
-0.91296 -0.121321 
-0.911571 -0.123956 
-0.910174 -0.126585 
-0.908768 -0.129207 
-0.907354 -0.131824 
-0.905931 -0.134434 
-0.904499 -0.137039 
-0.903059 -0.139637 
-0.90161 -0.142229 
-0.900152 -0.144815 
-0.898686 -0.147396 
-0.897211 -0.149969 
-0.895728 -0.152537 
-0.894236 -0.155099 
-0.892735 -0.157655 
-0.891226 -0.160204 
-0.889708 -0.162748 
-0.888181 -0.165285 
-0.886646 -0.167816 
-0.885103 -0.170341 
-0.883551 -0.17286 
-0.88199 -0.175372 
-0.88042 -0.177879 
-0.878842 -0.180379 
-0.877256 -0.182873 
-0.875661 -0.185361 
-0.874057 -0.187843 
-0.872445 -0.190318 
-0.870825 -0.192788 
-0.869195 -0.195251 
-0.867558 -0.197708 
-0.865911 -0.200159 
-0.864256 -0.202603 
-0.862593 -0.205042 
-0.860921 -0.207474 
-0.859241 -0.209899 
-0.857552 -0.212319 
-0.855855 -0.214733 
-0.854149 -0.21714 
-0.852434 -0.219541 
-0.850711 -0.221935 
-0.84898 -0.224324 
-0.84724 -0.226706 
-0.845492 -0.229082 
-0.843735 -0.231451 
-0.84197 -0.233814 
-0.840196 -0.236171 
-0.838414 -0.238522 
-0.836623 -0.240867 
-0.834824 -0.243205 
-0.833017 -0.245537 
-0.831201 -0.247862 
-0.829376 -0.250181 
-0.827543 -0.252494 
-0.825702 -0.254801 
-0.823852 -0.257101 
-0.821994 -0.259395 
-0.820128 -0.261682 
-0.818253 -0.263964 
-0.81637 -0.266238 
-0.814478 -0.268507 
-0.812578 -0.270769 
-0.810669 -0.273025 
-0.808752 -0.275274 
-0.806827 -0.277517 
-0.804894 -0.279754 
-0.802952 -0.281984 
-0.801001 -0.284208 
-0.799043 -0.286425 
-0.797076 -0.288636 
-0.7951 -0.290841 
-0.793117 -0.293039 
-0.791125 -0.295231 
-0.789124 -0.297416 
-0.787116 -0.299595 
-0.785099 -0.301768 
-0.783074 -0.303934 
-0.78104 -0.306094 
-0.778998 -0.308247 
-0.776948 -0.310394 
-0.77489 -0.312534 
-0.772823 -0.314668 
-0.770748 -0.316795 
-0.768665 -0.318916 
-0.766574 -0.32103 
-0.764474 -0.323138 
-0.762367 -0.325239 
-0.760251 -0.327334 
-0.758126 -0.329422 
-0.755994 -0.331504 
-0.753853 -0.333579 
-0.751704 -0.335648 
-0.749547 -0.33771 
-0.747382 -0.339766 
-0.745209 -0.341815 
-0.743027 -0.343857 
-0.740838 -0.345893 
-0.73864 -0.347923 
-0.736434 -0.349946 
-0.73422 -0.351962 
-0.731998 -0.353971 
-0.729767 -0.355974 
-0.727529 -0.357971 
-0.725283 -0.359961 
-0.723028 -0.361944 
-0.720765 -0.36392 
-0.718495 -0.36589 
-0.716216 -0.367854 
-0.713929 -0.36981 
-0.711635 -0.37176 
-0.709332 -0.373703 
-0.707021 -0.37564 
-0.704702 -0.37757 
-0.702375 -0.379493 
-0.700041 -0.38141 
-0.697698 -0.38332 
-0.695347 -0.385223 
-0.692989 -0.387119 
-0.690622 -0.389009 
-0.688248 -0.390892 
-0.685865 -0.392768 
-0.683475 -0.394638 
-0.681077 -0.3965 
-0.678671 -0.398356 
-0.676257 -0.400205 
-0.673835 -0.402048 
-0.671406 -0.403883 
-0.668968 -0.405712 
-0.666523 -0.407534 
-0.66407 -0.409349 
-0.66161 -0.411157 
-0.659141 -0.412959 
-0.656665 -0.414753 
-0.654181 -0.416541 
-0.651689 -0.418322 
-0.649189 -0.420096 
-0.646682 -0.421863 
-0.644167 -0.423623 
-0.641645 -0.425376 
-0.639115 -0.427123 
-0.636577 -0.428862 
-0.634031 -0.430595 
-0.631478 -0.43232 
-0.628918 -0.434039 
-0.626349 -0.43575 
-0.623773 -0.437455 
-0.62119 -0.439152 
-0.618599 -0.440843 
-0.616001 -0.442527 
-0.613395 -0.444203 
-0.610781 -0.445873 
-0.60816 -0.447535 
-0.605532 -0.449191 
-0.602896 -0.450839 
-0.600253 -0.45248 
-0.597603 -0.454114 
-0.594945 -0.455742 
-0.592279 -0.457362 
-0.589607 -0.458974 
-0.586927 -0.46058 
-0.584239 -0.462179 
-0.581545 -0.46377 
-0.578843 -0.465354 
-0.576134 -0.466931 
-0.573417 -0.468501 
-0.570694 -0.470064 
-0.567963 -0.471619 
-0.565225 -0.473167 
-0.56248 -0.474708 
-0.559728 -0.476242 
-0.556969 -0.477768 
-0.554202 -0.479287 
-0.551429 -0.480799 
-0.548648 -0.482303 
-0.545861 -0.4838 
-0.543066 -0.48529 
-0.540265 -0.486772 
-0.537456 -0.488247 
-0.534641 -0.489715 
-0.531818 -0.491175 
-0.528989 -0.492628 
-0.526153 -0.494074 
-0.52331 -0.495511 
-0.52046 -0.496942 
-0.517604 -0.498365 
-0.51474 -0.499781 
-0.51187 -0.501189 
-0.508994 -0.502589 
-0.50611 -0.503982 
-0.50322 -0.505368 
-0.500323 -0.506746 
-0.49742 -0.508116 
-0.49451 -0.509479 
-0.491593 -0.510834 
-0.48867 -0.512181 
-0.48574 -0.513521 
-0.482804 -0.514853 
-0.479861 -0.516178 
-0.476912 -0.517495 
-0.473957 -0.518804 
-0.470995 -0.520105 
-0.468027 -0.521399 
-0.465052 -0.522685 
-0.462071 -0.523963 
-0.459084 -0.525234 
-0.456091 -0.526497 
-0.453091 -0.527751 
-0.450086 -0.528998 
-0.447074 -0.530238 
-0.444056 -0.531469 
-0.441032 -0.532692 
-0.438001 -0.533908 
-0.434965 -0.535115 
-0.431923 -0.536315 
-0.428875 -0.537507 
-0.425821 -0.538691 
-0.422761 -0.539866 
-0.419695 -0.541034 
-0.416623 -0.542194 
-0.413545 -0.543346 
-0.410462 -0.544489 
-0.407373 -0.545625 
-0.404278 -0.546753 
-0.401178 -0.547872 
-0.398072 -0.548983 
-0.39496 -0.550086 
-0.391842 -0.551181 
-0.38872 -0.552268 
-0.385591 -0.553347 
-0.382457 -0.554417 
-0.379318 -0.555479 
-0.376173 -0.556533 
-0.373023 -0.557579 
-0.369868 -0.558616 
-0.366707 -0.559645 
-0.363541 -0.560666 
-0.36037 -0.561678 
-0.357194 -0.562682 
-0.354012 -0.563678 
-0.350826 -0.564665 
-0.347634 -0.565644 
-0.344437 -0.566614 
-0.341236 -0.567576 
-0.338029 -0.568529 
-0.334817 -0.569474 
-0.331601 -0.570411 
-0.328379 -0.571338 
-0.325153 -0.572258 
-0.321922 -0.573168 
-0.318687 -0.57407 
-0.315446 -0.574964 
-0.312201 -0.575849 
-0.308952 -0.576725 
-0.305698 -0.577592 
-0.302439 -0.578451 
-0.299176 -0.579301 
-0.295908 -0.580142 
-0.292636 -0.580975 
-0.28936 -0.581799 
-0.28608 -0.582614 
-0.282795 -0.58342 
-0.279505 -0.584217 
-0.276212 -0.585005 
-0.272915 -0.585785 
-0.269613 -0.586556 
-0.266308 -0.587317 
-0.262998 -0.58807 
-0.259684 -0.588814 
-0.256367 -0.589549 
-0.253045 -0.590275 
-0.24972 -0.590992 
-0.246391 -0.591699 
-0.243059 -0.592398 
-0.239722 -0.593088 
-0.236382 -0.593768 
-0.233038 -0.59444 
-0.229691 -0.595102 
-0.22634 -0.595755 
-0.222986 -0.596399 
-0.219628 -0.597034 
-0.216267 -0.597659 
-0.212903 -0.598275 
-0.209536 -0.598882 
-0.206165 -0.59948 
-0.202791 -0.600068 
-0.199413 -0.600647 
-0.196033 -0.601217 
-0.19265 -0.601777 
-0.189264 -0.602328 
-0.185875 -0.60287 
-0.182482 -0.603402 
-0.179088 -0.603924 
-0.17569 -0.604438 
-0.172289 -0.604941 
-0.168886 -0.605435 
-0.16548 -0.60592 
-0.162072 -0.606395 
-0.158661 -0.606861 
-0.155248 -0.607316 
-0.151832 -0.607763 
-0.148414 -0.608199 
-0.144993 -0.608626 
-0.14157 -0.609044 
-0.138145 -0.609451 
-0.134718 -0.609849 
-0.131289 -0.610238 
-0.127857 -0.610616 
-0.124424 -0.610985 
-0.120988 -0.611344 
-0.117551 -0.611693 
-0.114112 -0.612032 
-0.11067 -0.612361 
-0.107228 -0.612681 
-0.103783 -0.612991 
-0.100337 -0.613291 
-0.0968892 -0.61358 
-0.0934398 -0.61386 
-0.089989 -0.61413 
-0.0865368 -0.61439 
-0.0830831 -0.61464 
-0.0796281 -0.61488 
-0.0761719 -0.61511 
-0.0727144 -0.61533 
-0.0692558 -0.61554 
-0.065796 -0.61574 
-0.0623352 -0.61593 
-0.0588734 -0.616109 
-0.0554106 -0.616279 
-0.051947 -0.616438 
-0.0484825 -0.616587 
-0.0450172 -0.616726 
-0.0415512 -0.616854 
-0.0380845 -0.616973 
-0.0346172 -0.617081 
-0.0311493 -0.617179 
-0.027681 -0.617267 
-0.0242122 -0.617344 
-0.020743 -0.617411 
-0.0172734 -0.617468 
-0.0138036 -0.617515 
-0.0103336 -0.617551 
-0.00686335 -0.617577 
-0.00339303 -0.617592 
7.73519e-005 -0.617597 
0.00354773 -0.617591 
0.00701805 -0.617576 
0.0104883 -0.617549 
0.0139583 -0.617512 
0.0174281 -0.617465 
0.0208976 -0.617408 
0.0243668 -0.617339 
0.0278356 -0.617261 
0.0313039 -0.617171 
0.0347717 -0.617072 
0.038239 -0.616961 
0.0417056 -0.61684 
0.0451715 -0.616709 
0.0486367 -0.616567 
0.0521011 -0.616414 
0.0555647 -0.616251 
0.0590273 -0.616077 
0.062489 -0.615892 
0.0659496 -0.615697 
0.0694092 -0.615491 
0.0728676 -0.615275 
0.0763248 -0.615048 
0.0797808 -0.61481 
0.0832355 -0.614561 
0.0866887 -0.614302 
0.0901406 -0.614032 
0.093591 -0.613751 
0.0970399 -0.613459 
0.100487 -0.613157 
0.103933 -0.612844 
0.107377 -0.61252 
0.110819 -0.612186 
0.114259 -0.61184 
0.117697 -0.611484 
0.121134 -0.611117 
0.124568 -0.610739 
0.128001 -0.610351 
0.131431 -0.609951 
0.134859 -0.609541 
0.138285 -0.60912 
0.141709 -0.608688 
0.14513 -0.608245 
0.148549 -0.607792 
0.151966 -0.607327 
0.15538 -0.606852 
0.158791 -0.606366 
0.1622 -0.605869 
0.165606 -0.605361 
0.16901 -0.604842 
0.172411 -0.604312 
0.175808 -0.603771 
0.179203 -0.60322 
0.182595 -0.602657 
0.185984 -0.602084 
0.18937 -0.6015 
0.192753 -0.600905 
0.196133 -0.600299 
0.19951 -0.599682 
0.202883 -0.599054 
0.206253 -0.598415 
0.209619 -0.597765 
0.212982 -0.597105 
0.216342 -0.596433 
0.219698 -0.595751 
0.22305 -0.595058 
0.226399 -0.594353 
0.229744 -0.593638 
0.233085 -0.592912 
0.236423 -0.592175 
0.239757 -0.591428 
0.243086 -0.590669 
0.246412 -0.589899 
0.249734 -0.589119 
0.253052 -0.588327 
0.256365 -0.587525 
0.259675 -0.586712 
0.26298 -0.585888 
0.266281 -0.585053 
0.269577 -0.584207 
0.272869 -0.583351 
0.276157 -0.582483 
0.27944 -0.581605 
0.282719 -0.580716 
0.285993 -0.579816 
0.289263 -0.578905 
0.292528 -0.577983 
0.295788 -0.577051 
0.299043 -0.576108 
0.302293 -0.575154 
0.305539 -0.574189 
0.30878 -0.573213 
0.312015 -0.572227 
0.315246 -0.57123 
0.318472 -0.570222 
0.321692 -0.569203 
0.324908 -0.568174 
0.328118 -0.567134 
0.331322 -0.566083 
0.334522 -0.565021 
0.337716 -0.563949 
0.340905 -0.562867 
0.344088 -0.561773 
0.347266 -0.560669 
0.350438 -0.559554 
0.353605 -0.558429 
0.356766 -0.557293 
0.359922 -0.556146 
0.363071 -0.554989 
0.366215 -0.553822 
0.369353 -0.552644 
0.372485 -0.551455 
0.375612 -0.550256 
0.378732 -0.549046 
0.381847 -0.547826 
0.384955 -0.546595 
0.388057 -0.545354 
0.391154 -0.544102 
0.394244 -0.542841 
0.397328 -0.541568 
0.400405 -0.540286 
0.403477 -0.538993 
0.406542 -0.537689 
0.4096 -0.536376 
0.412653 -0.535052 
0.415699 -0.533718 
0.418738 -0.532373 
0.421771 -0.531018 
0.424797 -0.529654 
0.427817 -0.528278 
0.43083 -0.526893 
0.433836 -0.525498 
0.436836 -0.524092 
0.439829 -0.522677 
0.442815 -0.521251 
0.445795 -0.519816 
0.448767 -0.51837 
0.451733 -0.516914 
0.454692 -0.515449 
0.457643 -0.513973 
0.460588 -0.512487 
0.463526 -0.510992 
0.466456 -0.509487 
0.46938 -0.507971 
0.472296 -0.506447 
0.475206 -0.504912 
0.478108 -0.503367 
0.481002 -0.501813 
0.48389 -0.500249 
0.48677 -0.498675 
0.489643 -0.497092 
0.492508 -0.495499 
0.495367 -0.493897 
0.498217 -0.492285 
0.50106 -0.490663 
0.503896 -0.489032 
0.506724 -0.487391 
0.509545 -0.485741 
0.512358 -0.484082 
0.515163 -0.482413 
0.517961 -0.480735 
0.520751 -0.479047 
0.523534 -0.47735 
0.526309 -0.475644 
0.529075 -0.473929 
0.531835 -0.472205 
0.534586 -0.470471 
0.537329 -0.468728 
0.540065 -0.466976 
0.542793 -0.465215 
0.545513 -0.463446 
0.548225 -0.461667 
0.550929 -0.459879 
0.553624 -0.458082 
0.556312 -0.456276 
0.558992 -0.454462 
0.561664 -0.452638 
0.564328 -0.450806 
0.566983 -0.448965 
0.569631 -0.447115 
0.57227 -0.445257 
0.574901 -0.44339 
0.577524 -0.441515 
0.580139 -0.439631 
0.582745 -0.437738 
0.585343 -0.435837 
0.587933 -0.433927 
0.590515 -0.432009 
0.593088 -0.430083 
0.595653 -0.428148 
0.598209 -0.426205 
0.600758 -0.424254 
0.603297 -0.422294 
0.605828 -0.420327 
0.608351 -0.418351 
0.610866 -0.416367 
0.613371 -0.414375 
0.615869 -0.412375 
0.618358 -0.410367 
0.620838 -0.408351 
0.62331 -0.406327 
0.625773 -0.404295 
0.628227 -0.402256 
0.630673 -0.400209 
0.633111 -0.398153 
0.635539 -0.396091 
0.637959 -0.39402 
0.640371 -0.391942 
0.642773 -0.389857 
0.645167 -0.387763 
0.647553 -0.385663 
0.649929 -0.383555 
0.652297 -0.381439 
0.654656 -0.379316 
0.657007 -0.377186 
0.659348 -0.375049 
0.661681 -0.372904 
0.664005 -0.370752 
0.66632 -0.368593 
0.668626 -0.366427 
0.670924 -0.364254 
0.673212 -0.362073 
0.675492 -0.359886 
0.677763 -0.357692 
0.680025 -0.355491 
0.682278 -0.353283 
0.684522 -0.351068 
0.686758 -0.348847 
0.688984 -0.346619 
0.691202 -0.344384 
0.69341 -0.342143 
0.69561 -0.339895 
0.6978 -0.33764 
0.699982 -0.335379 
0.702155 -0.333112 
0.704318 -0.330838 
0.706473 -0.328557 
0.708619 -0.326271 
0.710756 -0.323978 
0.712883 -0.321679 
0.715002 -0.319374 
0.717112 -0.317062 
0.719213 -0.314745 
0.721304 -0.312422 
0.723387 -0.310092 
0.72546 -0.307757 
0.727525 -0.305415 
0.72958 -0.303068 
0.731627 -0.300715 
0.733664 -0.298357 
0.735692 -0.295992 
0.737712 -0.293622 
0.739722 -0.291246 
0.741723 -0.288865 
0.743715 -0.286478 
0.745698 -0.284086 
0.747672 -0.281688 
0.749636 -0.279285 
0.751592 -0.276876 
0.753539 -0.274463 
0.755476 -0.272043 
0.757404 -0.269619 
0.759324 -0.26719 
0.761234 -0.264755 
0.763135 -0.262315 
0.765027 -0.259871 
0.76691 -0.257421 
0.768783 -0.254967 
0.770648 -0.252507 
0.772504 -0.250043 
0.77435 -0.247574 
0.776187 -0.2451 
0.778015 -0.242621 
0.779834 -0.240138 
0.781644 -0.23765 
0.783445 -0.235158 
0.785237 -0.232661 
0.78702 -0.230159 
0.788793 -0.227654 
0.790558 -0.225143 
0.792313 -0.222629 
0.794059 -0.22011 
0.795796 -0.217587 
0.797524 -0.21506 
0.799243 -0.212528 
0.800953 -0.209993 
0.802654 -0.207453 
0.804345 -0.204909 
0.806028 -0.202362 
0.807701 -0.19981 
0.809366 -0.197255 
0.811021 -0.194696 
0.812667 -0.192133 
0.814304 -0.189566 
0.815932 -0.186996 
0.817551 -0.184421 
0.819161 -0.181844 
0.820762 -0.179262 
0.822354 -0.176678 
0.823936 -0.174089 
0.82551 -0.171498 
0.827074 -0.168903 
0.82863 -0.166304 
0.830177 -0.163702 
0.831714 -0.161097 
0.833242 -0.158489 
0.834762 -0.155878 
0.836272 -0.153263 
0.837774 -0.150646 
0.839266 -0.148025 
0.840749 -0.145402 
0.842224 -0.142775 
0.843689 -0.140146 
0.845145 -0.137514 
0.846593 -0.134879 
0.848031 -0.132241 
0.84946 -0.1296 
0.850881 -0.126957 
0.852292 -0.124311 
0.853695 -0.121663 
0.855088 -0.119012 
0.856473 -0.116358 
0.857848 -0.113702 
0.859215 -0.111044 
0.860573 -0.108383 
0.861921 -0.10572 
0.863261 -0.103054 
0.864592 -0.100387 
0.865914 -0.0977167 
0.867228 -0.0950446 
0.868532 -0.0923704 
0.869827 -0.0896941 
0.871114 -0.0870157 
0.872391 -0.0843354 
0.87366 -0.081653 
0.87492 -0.0789688 
0.876171 -0.0762826 
0.877413 -0.0735946 
0.878646 -0.0709049 
0.879871 -0.0682133 
0.881086 -0.06552 
0.882293 -0.0628251 
0.883491 -0.0601285 
0.88468 -0.0574303 
0.885861 -0.0547305 
0.887032 -0.0520292 
0.888195 -0.0493264 
0.889349 -0.0466222 
0.890494 -0.0439166 
0.891631 -0.0412096 
0.892758 -0.0385013 
0.893877 -0.0357917 
0.894988 -0.0330809 
0.896089 -0.0303688 
0.897182 -0.0276556 
0.898266 -0.0249412 
0.899341 -0.0222258 
0.900408 -0.0195092 
0.901465 -0.0167917 
0.902515 -0.0140732 
0.903555 -0.0113537 
0.904587 -0.0086333 
0.90561 -0.00591205 
0.906624 -0.00318996 
0.90763 -0.000467067 
0.908627 0.00225658 
0.909616 0.00498096 
0.910596 0.00770602 
0.911567 0.0104317 
0.91253 0.0131581 
0.913484 0.015885 
0.914429 0.0186125 
0.915366 0.0213404 
0.916294 0.0240689 
0.917214 0.0267978 
0.918125 0.0295271 
0.919027 0.0322567 
0.919921 0.0349867 
0.920807 0.037717 
0.921684 0.0404476 
0.922552 0.0431784 
0.923412 0.0459094 
0.924263 0.0486406 
0.925106 0.0513719 
0.92594 0.0541033 
0.926766 0.0568347 
0.927583 0.0595662 
0.928392 0.0622977 
0.929192 0.0650292 
0.929984 0.0677605 
0.930767 0.0704918 
0.931542 0.073223 
0.932308 0.075954 
0.933066 0.0786848 
0.933816 0.0814154 
0.934557 0.0841457 
0.93529 0.0868757 
0.936014 0.0896054 
0.93673 0.0923348 
0.937437 0.0950638 
0.938136 0.0977923 
0.938827 0.10052 
0.939509 0.103248 
0.940183 0.105975 
0.940849 0.108702 
0.941506 0.111428 
0.942155 0.114153 
0.942796 0.116878 
0.943428 0.119602 
0.944052 0.122326 
0.944667 0.125049 
0.945275 0.127771 
0.945873 0.130492 
0.946464 0.133212 
0.947046 0.135932 
0.94762 0.138651 
0.948186 0.141369 
0.948744 0.144086 
0.949293 0.146802 
0.949834 0.149517 
0.950367 0.152231 
0.950891 0.154944 
0.951407 0.157656 
0.951915 0.160367 
0.952415 0.163077 
0.952906 0.165786 
0.95339 0.168493 
0.953865 0.1712 
0.954332 0.173905 
0.95479 0.176609 
0.955241 0.179312 
0.955683 0.182013 
0.956117 0.184713 
0.956543 0.187412 
0.956961 0.19011 
0.95737 0.192806 
0.957772 0.1955 
0.958165 0.198194 
0.95855 0.200885 
0.958927 0.203576 
0.959296 0.206265 
0.959657 0.208952 
0.960009 0.211638 
0.960354 0.214322 
0.96069 0.217004 
0.961018 0.219685 
0.961338 0.222365 
0.96165 0.225042 
0.961954 0.227718 
0.96225 0.230393 
0.962538 0.233065 
0.962817 0.235736 
0.963089 0.238405 
0.963352 0.241072 
0.963608 0.243738 
0.963855 0.246401 
0.964094 0.249063 
0.964326 0.251723 
0.964549 0.254381 
0.964764 0.257037 
0.964971 0.259691 
0.96517 0.262343 
0.965361 0.264993 
0.965544 0.267641 
0.965719 0.270287 
0.965886 0.272931 
0.966045 0.275573 
0.966196 0.278213 
0.966338 0.280851 
0.966473 0.283487 
0.9666 0.28612 
0.966719 0.288752 
0.96683 0.291381 
0.966933 0.294008 
0.967027 0.296633 
0.967114 0.299255 
0.967193 0.301876 
0.967264 0.304494 
0.967327 0.30711 
0.967382 0.309723 
0.967429 0.312334 
0.967468 0.314943 
0.967499 0.317549 
0.967522 0.320153 
0.967537 0.322755 
0.967544 0.325354 
0.967543 0.327951 
0.967535 0.330546 
0.967518 0.333138 
0.967493 0.335727 
0.967461 0.338314 
0.96742 0.340898 
0.967372 0.34348 
0.967315 0.34606 
0.967251 0.348637 
0.967178 0.351211 
0.967098 0.353783 
0.96701 0.356352 
0.966914 0.358918 
0.96681 0.361482 
0.966698 0.364043 
0.966578 0.366602 
0.96645 0.369158 
0.966314 0.371711 
0.96617 0.374261 
0.966019 0.376809 
0.965859 0.379354 
0.965692 0.381897 
0.965516 0.384436 
0.965333 0.386973 
0.965142 0.389507 
0.964943 0.392038 
0.964735 0.394567 
0.96452 0.397092 
0.964298 0.399615 
0.964067 0.402135 
0.963828 0.404652 
0.963581 0.407166 
0.963327 0.409677 
0.963064 0.412185 
0.962794 0.414691 
0.962516 0.417193 
0.962229 0.419693 
0.961935 0.42219 
0.961633 0.424683 
0.961323 0.427174 
0.961005 0.429662 
0.960679 0.432146 
0.960346 0.434628 
0.960004 0.437107 
0.959655 0.439582 
0.959297 0.442055 
0.958932 0.444525 
0.958558 0.446991 
0.958177 0.449455 
0.957788 0.451915 
0.957391 0.454372 
0.956986 0.456826 
0.956573 0.459277 
0.956152 0.461725 
0.955724 0.46417 
0.955287 0.466612 
0.954842 0.46905 
0.95439 0.471485 
0.953929 0.473917 
0.953461 0.476346 
0.952985 0.478772 
0.9525 0.481195 
0.952008 0.483614 
0.951508 0.48603 
0.951 0.488443 
0.950484 0.490853 
0.94996 0.493259 
0.949428 0.495662 
0.948888 0.498062 
0.948341 0.500459 
0.947785 0.502852 
0.947221 0.505242 
0.94665 0.507629 
0.94607 0.510012 
0.945483 0.512392 
0.944887 0.514769 
0.944284 0.517142 
0.943672 0.519512 
0.943053 0.521879 
0.942425 0.524242 
0.94179 0.526602 
0.941147 0.528959 
0.940495 0.531312 
0.939836 0.533662 
0.939169 0.536008 
0.938494 0.538351 
0.93781 0.540691 
0.937119 0.543027 
0.93642 0.54536 
0.935713 0.547689 
0.934998 0.550015 
0.934274 0.552337 
0.933543 0.554656 
0.932804 0.556972 
0.932057 0.559284 
0.931301 0.561593 
0.930538 0.563898 
0.929767 0.566199 
0.928987 0.568497 
0.9282 0.570792 
0.927405 0.573083 
0.926601 0.575371 
0.92579 0.577655 
0.92497 0.579935 
0.924142 0.582212 
0.923307 0.584485 
0.922463 0.586755 
0.921611 0.589022 
0.920751 0.591284 
0.919884 0.593544 
0.919008 0.595799 
0.918124 0.598051 
0.917231 0.6003 
0.916331 0.602545 
0.915423 0.604786 
0.914507 0.607023 
0.913582 0.609258 
0.91265 0.611488 
0.911709 0.613715 
0.91076 0.615938 
0.909803 0.618157 
0.908838 0.620373 
0.907865 0.622586 
0.906884 0.624794 
0.905894 0.626999 
0.904897 0.629201 
0.903891 0.631398 
0.902877 0.633592 
0.901855 0.635782 
0.900825 0.637969 
0.899787 0.640152 
0.898741 0.642331 
0.897686 0.644507 
0.896623 0.646679 
0.895552 0.648847 
0.894473 0.651011 
0.893386 0.653172 
0.892291 0.655329 
0.891187 0.657482 
0.890075 0.659632 
0.888955 0.661777 
0.887827 0.663919 
0.88669 0.666058 
0.885546 0.668192 
0.884393 0.670323 
0.883232 0.67245 
0.882062 0.674573 
0.880885 0.676693 
0.879699 0.678808 
0.878505 0.68092 
0.877303 0.683028 
0.876092 0.685133 
0.874873 0.687233 
0.873646 0.68933 
0.872411 0.691423 
0.871167 0.693512 
0.869916 0.695597 
0.868655 0.697679 
0.867387 0.699756 
0.86611 0.70183 
0.864825 0.7039 
0.863532 0.705966 
0.86223 0.708028 
0.860921 0.710087 
0.859602 0.712141 
0.858276 0.714192 
0.856941 0.716239 
0.855598 0.718281 
0.854246 0.720321 
0.852887 0.722356 
0.851518 0.724387 
0.850142 0.726414 
0.848757 0.728438 
0.847364 0.730457 
0.845963 0.732473 
0.844553 0.734485 
0.843134 0.736493 
0.841708 0.738496 
0.840273 0.740496 
0.838829 0.742492 
0.837378 0.744484 
0.835918 0.746473 
0.834449 0.748457 
0.832972 0.750437 
0.831487 0.752413 
0.829993 0.754385 
0.828491 0.756354 
0.826981 0.758318 
0.825462 0.760278 
0.823935 0.762235 
0.822399 0.764187 
0.820855 0.766135 
0.819302 0.76808 
0.817741 0.77002 
0.816172 0.771956 
0.814594 0.773889 
0.813008 0.775817 
0.811413 0.777741 
0.80981 0.779661 
0.808199 0.781577 
0.806579 0.783489 
0.80495 0.785397 
0.803313 0.787301 
0.801668 0.789201 
0.800014 0.791097 
0.798352 0.792989 
0.796681 0.794876 
0.795002 0.79676 
0.793314 0.798639 
0.791618 0.800514 
0.789913 0.802386 
0.7882 0.804253 
0.786479 0.806115 
0.784748 0.807974 
0.78301 0.809829 
0.781263 0.811679 
0.779507 0.813525 
0.777743 0.815368 
0.775971 0.817206 
0.77419 0.819039 
0.7724 0.820869 
0.770602 0.822694 
0.768796 0.824515 
0.766981 0.826332 
0.765157 0.828145 
0.763325 0.829954 
0.761485 0.831758 
0.759636 0.833558 
0.757778 0.835354 
0.755912 0.837145 
0.754038 0.838932 
0.752155 0.840715 
0.750263 0.842494 
0.748363 0.844269 
0.746455 0.846039 
0.744538 0.847804 
0.742612 0.849566 
0.740678 0.851323 
0.738736 0.853076 
0.736785 0.854824 
0.734825 0.856569 
0.732857 0.858308 
0.730881 0.860044 
0.728896 0.861775 
0.726902 0.863501 
0.7249 0.865224 
0.72289 0.866941 
0.720871 0.868655 
0.718844 0.870364 
0.716808 0.872068 
0.714763 0.873769 
0.71271 0.875464 
0.710649 0.877155 
0.708579 0.878842 
0.706501 0.880524 
0.704414 0.882202 
0.702318 0.883875 
0.700215 0.885544 
0.698102 0.887208 
0.695982 0.888868 
0.693853 0.890523 
0.691715 0.892174 
0.689569 0.89382 
0.687415 0.895461 
0.685252 0.897098 
0.68308 0.89873 
0.6809 0.900358 
0.678712 0.901981 
0.676516 0.903599 
0.674311 0.905213 
0.672097 0.906822 
0.669875 0.908426 
0.667645 0.910026 
0.665406 0.91162 
0.663159 0.913211 
0.660904 0.914796 
0.65864 0.916377 
0.656368 0.917953 
0.654087 0.919524 
0.651799 0.921091 
0.649501 0.922652 
0.647196 0.924209 
0.644882 0.925761 
0.64256 0.927309 
0.640229 0.928851 
0.63789 0.930388 
0.635543 0.931921 
0.633188 0.933449 
0.630824 0.934972 
0.628452 0.93649 
0.626072 0.938003 
0.623683 0.939511 
0.621287 0.941014 
0.618882 0.942512 
0.616469 0.944005 
0.614047 0.945493 
0.611618 0.946976 
0.60918 0.948455 
0.606734 0.949928 
0.60428 0.951396 
0.601818 0.952858 
0.599347 0.954316 
0.596869 0.955769 
0.594382 0.957216 
0.591887 0.958659 
0.589385 0.960096 
0.586874 0.961528 
0.584355 0.962955 
0.581828 0.964377 
0.579293 0.965793 
0.57675 0.967204 
0.574198 0.96861 
0.571639 0.970011 
0.569072 0.971406 
0.566497 0.972796 
0.563914 0.974181 
0.561323 0.97556 
0.558725 0.976934 
0.556118 0.978302 
0.553503 0.979665 
0.550881 0.981023 
0.548251 0.982375 
0.545612 0.983722 
0.542966 0.985063 
0.540313 0.986399 
0.537651 0.987729 
0.534982 0.989054 
0.532305 0.990373 
0.52962 0.991686 
0.526928 0.992994 
0.524228 0.994296 
0.52152 0.995593 
0.518805 0.996884 
0.516082 0.998169 
0.513351 0.999449 
0.510613 1.00072 
0.507867 1.00199 
0.505114 1.00325 
0.502353 1.00451 
0.499585 1.00576 
0.496809 1.007 
0.494026 1.00824 
0.491235 1.00948 
0.488437 1.0107 
0.485632 1.01193 
0.482819 1.01314 
0.479999 1.01435 
0.477172 1.01555 
0.474337 1.01675 
0.471495 1.01794 
0.468646 1.01913 
0.46579 1.02031 
0.462926 1.02148 
0.460056 1.02265 
0.457178 1.02381 
0.454293 1.02496 
0.451401 1.02611 
0.448503 1.02725 
0.445597 1.02839 
0.442684 1.02952 
0.439764 1.03064 
0.436837 1.03176 
0.433904 1.03287 
0.430963 1.03397 
0.428016 1.03507 
0.425062 1.03616 
0.422101 1.03724 
0.419134 1.03832 
0.41616 1.03939 
0.413179 1.04046 
0.410191 1.04152 
0.407197 1.04257 
0.404196 1.04362 
0.401189 1.04465 
0.398175 1.04569 
0.395155 1.04671 
0.392129 1.04773 
0.389096 1.04874 
0.386056 1.04975 
0.383011 1.05075 
0.379959 1.05174 
0.3769 1.05272 
0.373836 1.0537 
0.370765 1.05467 
0.367689 1.05563 
0.364606 1.05659 
0.361517 1.05754 
0.358422 1.05848 
0.355321 1.05942 
0.352214 1.06035 
0.349101 1.06127 
0.345982 1.06218 
0.342858 1.06309 
0.339728 1.06399 
0.336592 1.06488 
0.33345 1.06577 
0.330303 1.06665 
0.32715 1.06752 
0.323991 1.06838 
0.320827 1.06924 
0.317657 1.07009 
0.314482 1.07093 
0.311302 1.07176 
0.308116 1.07259 
0.304925 1.07341 
0.301728 1.07422 
0.298526 1.07502 
0.29532 1.07582 
0.292108 1.07661 
0.28889 1.07739 
0.285668 1.07816 
0.282441 1.07892 
0.279209 1.07968 
0.275972 1.08043 
0.27273 1.08117 
0.269484 1.08191 
0.266232 1.08263 
0.262976 1.08335 
0.259715 1.08406 
0.25645 1.08476 
0.25318 1.08546 
0.249905 1.08614 
0.246626 1.08682 
0.243343 1.08749 
0.240055 1.08815 
0.236763 1.0888 
0.233467 1.08945 
0.230166 1.09009 
0.226862 1.09072 
0.223553 1.09134 
0.22024 1.09195 
0.216923 1.09255 
0.213602 1.09315 
0.210278 1.09373 
0.206949 1.09431 
0.203617 1.09488 
0.200281 1.09544 
0.196941 1.09599 
0.193598 1.09654 
0.190251 1.09707 
0.186901 1.0976 
0.183547 1.09812 
0.18019 1.09863 
0.17683 1.09913 
0.173466 1.09962 
0.170099 1.1001 
0.166729 1.10058 
0.163355 1.10104 
0.159979 1.1015 
0.1566 1.10195 
0.153218 1.10238 
0.149833 1.10281 
0.146445 1.10323 
0.143054 1.10364 
0.139661 1.10405 
0.136265 1.10444 
0.132866 1.10482 
0.129465 1.1052 
0.126062 1.10556 
0.122656 1.10592 
0.119248 1.10627 
0.115837 1.1066 
0.112424 1.10693 
0.10901 1.10725 
0.105593 1.10756 
0.102174 1.10786 
0.0987531 1.10815 
0.0953304 1.10843 
0.0919058 1.1087 
0.0884795 1.10896 
0.0850515 1.10921 
0.0816219 1.10946 
0.0781907 1.10969 
0.074758 1.10991 
0.0713238 1.11013 
0.0678883 1.11033 
0.0644514 1.11052 
0.0610133 1.11071 
0.0575741 1.11088 
0.0541337 1.11104 
0.0506923 1.1112 
0.0472498 1.11134 
0.0438065 1.11148 
0.0403623 1.1116 
0.0369173 1.11172 
0.0334716 1.11182 
0.0300253 1.11191 
0.0265784 1.112 
0.0231309 1.11207 
0.019683 1.11214 
0.0162347 1.11219 
0.0127861 1.11223 
0.00933723 1.11227 
0.00588819 1.11229 
0.00243902 1.1123 
-0.00101018 1.1123 
-0.00445937 1.11229 
-0.00790847 1.11228 
-0.0113574 1.11225 
-0.0148061 1.11221 
-0.0182546 1.11216 
-0.0217026 1.1121 
-0.0251503 1.11203 
-0.0285974 1.11194 
-0.032044 1.11185 
-0.0354899 1.11175 
-0.0389352 1.11164 
-0.0423796 1.11151 
-0.0458233 1.11138 
-0.049266 1.11123 
-0.0527077 1.11108 
-0.0561484 1.11091 
-0.059588 1.11073 
-0.0630264 1.11055 
-0.0664635 1.11035 
-0.0698993 1.11014 
-0.0733337 1.10992 
-0.0767667 1.10969 
-0.0801981 1.10944 
-0.0836279 1.10919 
-0.0870561 1.10893 
-0.0904825 1.10865 
-0.0939071 1.10836 
-0.0973299 1.10807 
-0.100751 1.10776 
-0.104169 1.10744 
-0.107586 1.10711 
-0.111001 1.10677 
-0.114413 1.10642 
-0.117823 1.10605 
-0.121231 1.10568 
-0.124636 1.10529 
-0.128039 1.1049 
-0.131439 1.10449 
-0.134836 1.10407 
-0.138231 1.10364 
-0.141623 1.1032 
-0.145013 1.10275 
-0.148399 1.10228 
-0.151782 1.10181 
-0.155163 1.10132 
-0.15854 1.10082 
-0.161914 1.10031 
-0.165285 1.09979 
-0.168652 1.09926 
-0.172016 1.09872 
-0.175377 1.09817 
-0.178734 1.0976 
-0.182087 1.09702 
-0.185437 1.09643 
-0.188783 1.09584 
-0.192126 1.09522 
-0.195464 1.0946 
-0.198799 1.09397 
-0.20213 1.09332 
-0.205456 1.09267 
-0.208779 1.092 
-0.212097 1.09132 
-0.215411 1.09063 
-0.218721 1.08992 
-0.222026 1.08921 
-0.225327 1.08848 
-0.228623 1.08775 
-0.231915 1.087 
-0.235202 1.08624 
-0.238485 1.08547 
-0.241763 1.08468 
-0.245036 1.08389 
-0.248304 1.08308 
-0.251567 1.08227 
-0.254825 1.08144 
-0.258078 1.0806 
-0.261326 1.07975 
-0.264568 1.07888 
-0.267806 1.07801 
-0.271038 1.07712 
-0.274264 1.07622 
-0.277485 1.07531 
-0.280701 1.07439 
-0.283911 1.07346 
-0.287116 1.07252 
-0.290315 1.07156 
-0.293508 1.07059 
-0.296695 1.06961 
-0.299876 1.06862 
-0.303052 1.06762 
-0.306221 1.06661 
-0.309384 1.06559 
-0.312542 1.06455 
-0.315693 1.0635 
-0.318838 1.06244 
-0.321976 1.06137 
-0.325109 1.06029 
-0.328235 1.0592 
-0.331354 1.05809 
-0.334467 1.05698 
-0.337573 1.05585 
-0.340673 1.05471 
-0.343766 1.05356 
-0.346853 1.0524 
-0.349932 1.05123 
-0.353005 1.05004 
-0.356071 1.04885 
-0.35913 1.04764 
-0.362182 1.04642 
-0.365227 1.04519 
-0.368264 1.04395 
-0.371295 1.0427 
-0.374318 1.04144 
-0.377335 1.04016 
-0.380344 1.03888 
-0.383345 1.03758 
-0.386339 1.03627 
-0.389326 1.03495 
-0.392305 1.03362 
-0.395277 1.03228 
-0.398241 1.03093 
-0.401197 1.02956 
-0.404146 1.02819 
-0.407087 1.0268 
-0.41002 1.02541 
-0.412945 1.024 
-0.415863 1.02258 
-0.418772 1.02115 
-0.421674 1.01971 
-0.424567 1.01826 
-0.427453 1.01679 
-0.43033 1.01532 
-0.433199 1.01384 
-0.43606 1.01234 
-0.438913 1.01084 
-0.441757 1.00932 
-0.444593 1.00779 
-0.447421 1.00625 
-0.450241 1.0047 
-0.453051 1.00314 
-0.455854 1.00157 
-0.458648 0.999992 
-0.461433 0.998401 
-0.46421 0.996799 
-0.466978 0.995186 
-0.469737 0.993563 
-0.472488 0.991929 
-0.47523 0.990285 
-0.477963 0.98863 
-0.480687 0.986965 
-0.483402 0.98529 
-0.486109 0.983605 
-0.488806 0.981909 
-0.491495 0.980203 
-0.494175 0.978486 
-0.496845 0.97676 
-0.499506 0.975023 
-0.502159 0.973276 
-0.504802 0.971519 
-0.507436 0.969752 
-0.51006 0.967975 
-0.512676 0.966188 
-0.515282 0.964391 
-0.517879 0.962584 
-0.520466 0.960768 
-0.523044 0.958941 
-0.525613 0.957105 
-0.528172 0.955258 
-0.530722 0.953403 
-0.533262 0.951537 
-0.535793 0.949662 
-0.538314 0.947777 
-0.540826 0.945883 
-0.543328 0.943979 
-0.545821 0.942065 
-0.548303 0.940143 
-0.550776 0.93821 
-0.55324 0.936269 
-0.555693 0.934318 
-0.558137 0.932358 
-0.560571 0.930388 
-0.562996 0.928409 
-0.56541 0.926422 
-0.567815 0.924425 
-0.570209 0.922419 
-0.572594 0.920404 
-0.574969 0.91838 
-0.577334 0.916347 
-0.579689 0.914305 
-0.582034 0.912254 
-0.584369 0.910194 
-0.586694 0.908126 
-0.589009 0.906049 
-0.591314 0.903963 
-0.593608 0.901869 
-0.595893 0.899766 
-0.598168 0.897655 
-0.600432 0.895535 
-0.602686 0.893406 
-0.60493 0.89127 
-0.607164 0.889125 
-0.609388 0.886971 
-0.611601 0.88481 
-0.613804 0.88264 
-0.615997 0.880462 
-0.61818 0.878275 
-0.620352 0.876081 
-0.622514 0.873879 
-0.624666 0.871669 
-0.626807 0.869451 
-0.628938 0.867225 
-0.631059 0.864991 
-0.633169 0.86275 
-0.635269 0.8605 
-0.637359 0.858244 
-0.639438 0.855979 
-0.641506 0.853707 
-0.643565 0.851427 
-0.645612 0.84914 
-0.64765 0.846846 
-0.649677 0.844544 
-0.651693 0.842235 
-0.653699 0.839918 
-0.655695 0.837595 
-0.65768 0.835264 
-0.659654 0.832926 
-0.661618 0.830581 
-0.663572 0.828229 
-0.665515 0.82587 
-0.667447 0.823505 
-0.669369 0.821132 
-0.67128 0.818753 
-0.673181 0.816367 
-0.675071 0.813974 
-0.676951 0.811574 
-0.67882 0.809168 
-0.680679 0.806756 
-0.682527 0.804337 
-0.684364 0.801911 
-0.686191 0.799479 
-0.688007 0.797041 
-0.689813 0.794597 
-0.691608 0.792146 
-0.693392 0.789689 
-0.695166 0.787226 
-0.696929 0.784757 
-0.698681 0.782282 
-0.700423 0.779802 
-0.702155 0.777315 
-0.703875 0.774822 
-0.705586 0.772324 
-0.707285 0.76982 
-0.708974 0.76731 
-0.710652 0.764794 
-0.71232 0.762273 
-0.713977 0.759747 
-0.715623 0.757215 
-0.717259 0.754678 
-0.718884 0.752135 
-0.720499 0.749587 
-0.722103 0.747034 
-0.723696 0.744475 
-0.725279 0.741912 
-0.726851 0.739343 
-0.728412 0.73677 
-0.729963 0.734191 
-0.731503 0.731607 
-0.733033 0.729019 
-0.734552 0.726426 
-0.73606 0.723828 
-0.737558 0.721225 
-0.739045 0.718618 
-0.740522 0.716006 
-0.741988 0.713389 
-0.743444 0.710768 
-0.744889 0.708143 
-0.746323 0.705513 
-0.747747 0.702879 
-0.74916 0.700241 
-0.750563 0.697598 
-0.751955 0.694951 
-0.753336 0.692301 
-0.754708 0.689646 
-0.756068 0.686987 
-0.757418 0.684324 
-0.758757 0.681657 
-0.760086 0.678986 
-0.761405 0.676312 
-0.762713 0.673634 
-0.76401 0.670952 
-0.765297 0.668267 
-0.766573 0.665577 
-0.767839 0.662885 
-0.769095 0.660189 
-0.77034 0.657489 
-0.771574 0.654786 
-0.772799 0.65208 
-0.774012 0.649371 
-0.775215 0.646658 
-0.776408 0.643942 
-0.777591 0.641223 
-0.778763 0.638501 
-0.779924 0.635776 
-0.781075 0.633048 
-0.782216 0.630317 
-0.783347 0.627584 
-0.784467 0.624847 
-0.785576 0.622108 
-0.786676 0.619366 
-0.787765 0.616621 
-0.788843 0.613874 
-0.789912 0.611124 
-0.79097 0.608372 
-0.792017 0.605617 
-0.793055 0.60286 
-0.794082 0.600101 
-0.795099 0.597339 
-0.796105 0.594575 
-0.797102 0.591808 
-0.798088 0.58904 
-0.799064 0.58627 
-0.800029 0.583497 
-0.800985 0.580723 
-0.80193 0.577946 
-0.802865 0.575168 
-0.80379 0.572387 
-0.804705 0.569605 
-0.805609 0.566821 
-0.806503 0.564036 
-0.807388 0.561249 
-0.808262 0.55846 
-0.809126 0.555669 
-0.809979 0.552878 
-0.810823 0.550084 
-0.811657 0.547289 
-0.81248 0.544493 
-0.813294 0.541696 
-0.814097 0.538897 
-0.814891 0.536097 
-0.815674 0.533295 
-0.816447 0.530493 
-0.817211 0.52769 
-0.817964 0.524885 
-0.818708 0.522079 
-0.819441 0.519273 
-0.820164 0.516465 
-0.820878 0.513657 
-0.821581 0.510848 
-0.822275 0.508038 
-0.822959 0.505227 
-0.823632 0.502416 
-0.824296 0.499604 
-0.82495 0.496791 
-0.825595 0.493978 
-0.826229 0.491164 
-0.826853 0.48835 
-0.827468 0.485535 
-0.828073 0.48272 
-0.828668 0.479905 
-0.829253 0.477089 
-0.829828 0.474273 
-0.830394 0.471457 
-0.83095 0.468641 
-0.831496 0.465824 
-0.832032 0.463008 
-0.832559 0.460191 
-0.833076 0.457374 
-0.833583 0.454558 
-0.83408 0.451741 
-0.834568 0.448925 
-0.835046 0.446108 
-0.835515 0.443292 
-0.835974 0.440476 
-0.836423 0.437661 
-0.836863 0.434846 
-0.837293 0.432031 
-0.837713 0.429216 
-0.838124 0.426402 
-0.838525 0.423588 
-0.838917 0.420775 
-0.839299 0.417962 
-0.839672 0.41515 
-0.840035 0.412339 
-0.840389 0.409528 
-0.840733 0.406718 
-0.841068 0.403909 
-0.841393 0.4011 
-0.841709 0.398293 
-0.842015 0.395486 
-0.842312 0.39268 
-0.842599 0.389875 
-0.842877 0.387071 
-0.843146 0.384268 
-0.843405 0.381465 
-0.843655 0.378664 
-0.843895 0.375865 
-0.844126 0.373066 
-0.844348 0.370268 
-0.84456 0.367472 
-0.844764 0.364677 
-0.844957 0.361883 
-0.845142 0.35909 
-0.845317 0.356299 
-0.845483 0.353509 
-0.84564 0.350721 
-0.845787 0.347934 
-0.845925 0.345148 
-0.846054 0.342364 
-0.846174 0.339582 
-0.846285 0.336801 
-0.846386 0.334021 
-0.846478 0.331244 
-0.846561 0.328468 
-0.846635 0.325694 
-0.8467 0.322921 
-0.846756 0.32015 
-0.846802 0.317382 
-0.84684 0.314615 
-0.846868 0.311849 
-0.846887 0.309086 
-0.846897 0.306325 
-0.846898 0.303565 
-0.84689 0.300808 
-0.846873 0.298052 
-0.846847 0.295299 
-0.846812 0.292548 
-0.846768 0.289799 
-0.846715 0.287052 
-0.846653 0.284307 
-0.846582 0.281564 
-0.846502 0.278824 
-0.846413 0.276086 
-0.846315 0.27335 
-0.846208 0.270616 
-0.846092 0.267885 
-0.845968 0.265156 
-0.845834 0.26243 
-0.845692 0.259705 
-0.84554 0.256984 
-0.84538 0.254265 
-0.845211 0.251548 
-0.845033 0.248834 
-0.844846 0.246123 
-0.844651 0.243414 
-0.844446 0.240707 
-0.844233 0.238004 
-0.844011 0.235303 
-0.84378 0.232604 
-0.843541 0.229909 
-0.843292 0.227216 
-0.843035 0.224526 
-0.842769 0.221839 
-0.842495 0.219154 
-0.842211 0.216473 
-0.841919 0.213794 
-0.841619 0.211118 
-0.841309 0.208445 
-0.840991 0.205775 
-0.840664 0.203108 
-0.840329 0.200444 
-0.839985 0.197783 
-0.839632 0.195125 
-0.839271 0.19247 
-0.838901 0.189818 
-0.838522 0.18717 
-0.838135 0.184524 
-0.837739 0.181881 
-0.837335 0.179242 
-0.836922 0.176606 
-0.8365 0.173973 
-0.83607 0.171344 
-0.835631 0.168717 
-0.835184 0.166094 
-0.834728 0.163475 
-0.834264 0.160858 
-0.833791 0.158245 
-0.83331 0.155635 
-0.83282 0.153029 
-0.832322 0.150426 
-0.831815 0.147827 
-0.8313 0.145231 
-0.830776 0.142638 
-0.830244 0.140049 
-0.829704 0.137464 
-0.829155 0.134882 
-0.828597 0.132303 
-0.828031 0.129728 
-0.827457 0.127157 
-0.826875 0.12459 
-0.826284 0.122026 
-0.825684 0.119465 
-0.825076 0.116909 
-0.82446 0.114356 
-0.823836 0.111806 
-0.823203 0.109261 
-0.822562 0.106719 
-0.821912 0.104181 
-0.821254 0.101647 
-0.820588 0.0991164 
-0.819914 0.0965898 
-0.819231 0.0940671 
-0.81854 0.0915482 
-0.817841 0.0890332 
-0.817133 0.0865221 
-0.816418 0.0840148 
-0.815694 0.0815116 
-0.814961 0.0790122 
-0.814221 0.0765168 
-0.813472 0.0740254 
-0.812715 0.071538 
-0.81195 0.0690547 
-0.811176 0.0665753 
-0.810395 0.0641 
-0.809605 0.0616287 
-0.808807 0.0591616 
-0.808001 0.0566985 
-0.807186 0.0542395 
-0.806364 0.0517847 
-0.805533 0.049334 
-0.804695 0.0468875 
-0.803848 0.0444451 
-0.802993 0.042007 
-0.80213 0.039573 
-0.801258 0.0371433 
-0.800379 0.0347178 
-0.799492 0.0322965 
-0.798596 0.0298795 
-0.797693 0.0274668 
-0.796781 0.0250584 
-0.795861 0.0226543 
-0.794934 0.0202546 
-0.793998 0.0178591 
-0.793054 0.0154681 
-0.792102 0.0130814 
-0.791142 0.0106991 
-0.790174 0.00832113 
-0.789198 0.00594762 
-0.788214 0.00357854 
-0.787223 0.00121389 
-0.786223 -0.0011463 
-0.785215 -0.00350202 
-0.784199 -0.00585326 
-0.783175 -0.00820001 
-0.782143 -0.0105423 
-0.781104 -0.01288 
-0.780056 -0.0152132 
-0.779001 -0.0175418 
-0.777937 -0.0198659 
-0.776866 -0.0221854 
-0.775786 -0.0245003 
-0.774699 -0.0268106 
-0.773604 -0.0291163 
-0.772501 -0.0314174 
-0.77139 -0.0337138 
-0.770271 -0.0360056 
-0.769145 -0.0382927 
-0.76801 -0.0405751 
-0.766868 -0.0428529 
-0.765718 -0.0451259 
-0.76456 -0.0473943 
-0.763394 -0.0496579 
-0.762221 -0.0519167 
-0.761039 -0.0541709 
-0.75985 -0.0564202 
-0.758653 -0.0586648 
-0.757448 -0.0609046 
-0.756236 -0.0631396 
-0.755015 -0.0653698 
-0.753787 -0.0675952 
-0.752551 -0.0698157 
-0.751308 -0.0720314 
-0.750056 -0.0742422 
-0.748797 -0.0764482 
-0.747531 -0.0786493 
-0.746256 -0.0808455 
-0.744974 -0.0830368 
-0.743684 -0.0852232 
-0.742386 -0.0874046 
-0.741081 -0.0895811 
-0.739768 -0.0917527 
-0.738448 -0.0939193 
-0.737119 -0.0960809 
-0.735783 -0.0982376 
-0.73444 -0.100389 
-0.733088 -0.102536 
-0.73173 -0.104678 
-0.730363 -0.106814 
-0.728989 -0.108946 
-0.727607 -0.111072 
-0.726218 -0.113194 
-0.724821 -0.11531 
-0.723417 -0.117422 
-0.722005 -0.119528 
-0.720585 -0.121629 
-0.719158 -0.123725 
-0.717723 -0.125816 
-0.716281 -0.127902 
-0.714831 -0.129982 
-0.713374 -0.132058 
-0.711909 -0.134128 
-0.710437 -0.136193 
-0.708957 -0.138253 
-0.70747 -0.140308 
-0.705975 -0.142358 
-0.704473 -0.144402 
-0.702963 -0.146441 
-0.701446 -0.148475 
-0.699922 -0.150504 
-0.69839 -0.152527 
-0.69685 -0.154545 
-0.695303 -0.156558 
-0.693749 -0.158566 
-0.692188 -0.160568 
-0.690618 -0.162565 
-0.689042 -0.164557 
-0.687458 -0.166543 
-0.685867 -0.168524 
-0.684269 -0.1705 
-0.682663 -0.17247 
-0.68105 -0.174435 
-0.679429 -0.176394 
-0.677801 -0.178349 
-0.676166 -0.180297 
-0.674524 -0.182241 
-0.672874 -0.184179 
-0.671217 -0.186111 
-0.669553 -0.188038 
-0.667881 -0.18996 
-0.666203 -0.191876 
-0.664517 -0.193787 
-0.662824 -0.195692 
-0.661123 -0.197592 
-0.659416 -0.199486 
-0.657701 -0.201375 
-0.655979 -0.203258 
-0.65425 -0.205136 
-0.652513 -0.207008 
-0.65077 -0.208875 
-0.649019 -0.210736 
-0.647262 -0.212591 
-0.645497 -0.214441 
-0.643725 -0.216285 
-0.641946 -0.218124 
-0.64016 -0.219957 
-0.638366 -0.221785 
-0.636566 -0.223607 
-0.634759 -0.225423 
-0.632944 -0.227234 
-0.631123 -0.229039 
-0.629294 -0.230838 
-0.627459 -0.232632 
-0.625617 -0.23442 
-0.623767 -0.236202 
-0.621911 -0.237978 
-0.620047 -0.239749 
-0.618177 -0.241514 
-0.6163 -0.243274 
-0.614416 -0.245027 
-0.612525 -0.246775 
-0.610627 -0.248517 
-0.608722 -0.250254 
-0.60681 -0.251984 
-0.604892 -0.253709 
-0.602966 -0.255428 
-0.601034 -0.257141 
-0.599095 -0.258848 
-0.597149 -0.26055 
-0.595196 -0.262245 
-0.593237 -0.263935 
-0.591271 -0.265619 
-0.589298 -0.267297 
-0.587318 -0.268969 
-0.585331 -0.270635 
-0.583338 -0.272296 
-0.581338 -0.27395 
-0.579332 -0.275598 
-0.577319 -0.277241 
-0.575299 -0.278878 
-0.573272 -0.280508 
-0.571239 -0.282133 
-0.569199 -0.283751 
-0.567153 -0.285364 
-0.5651 -0.286971 
-0.56304 -0.288571 
-0.560974 -0.290166 
-0.558902 -0.291755 
-0.556822 -0.293337 
-0.554737 -0.294914 
-0.552645 -0.296484 
-0.550546 -0.298048 
-0.548441 -0.299607 
-0.546329 -0.301159 
-0.544211 -0.302705 
-0.542087 -0.304245 
-0.539956 -0.305779 
-0.537819 -0.307306 
-0.535676 -0.308828 
-0.533526 -0.310343 
-0.53137 -0.311852 
-0.529207 -0.313355 
-0.527038 -0.314852 
-0.524863 -0.316342 
-0.522682 -0.317827 
-0.520494 -0.319305 
-0.5183 -0.320777 
-0.5161 -0.322242 
-0.513894 -0.323702 
-0.511682 -0.325155 
-0.509463 -0.326602 
-0.507238 -0.328042 
-0.505008 -0.329476 
-0.502771 -0.330904 
-0.500528 -0.332325 
-0.498279 -0.333741 
-0.496024 -0.335149 
-0.493762 -0.336552 
-0.491495 -0.337948 
-0.489222 -0.339338 
-0.486943 -0.340721 
-0.484658 -0.342098 
-0.482367 -0.343468 
-0.48007 -0.344832 
-0.477767 -0.346189 
-0.475459 -0.347541 
-0.473144 -0.348885 
-0.470824 -0.350223 
-0.468498 -0.351555 
-0.466166 -0.35288 
-0.463828 -0.354198 
-0.461484 -0.35551 
-0.459135 -0.356816 
-0.45678 -0.358115 
-0.45442 -0.359407 
-0.452053 -0.360693 
-0.449682 -0.361972 
-0.447304 -0.363245 
-0.444921 -0.36451 
-0.442532 -0.36577 
-0.440138 -0.367022 
-0.437738 -0.368268 
-0.435333 -0.369508 
-0.432922 -0.37074 
-0.430506 -0.371966 
-0.428085 -0.373185 
-0.425657 -0.374398 
-0.423225 -0.375604 
-0.420787 -0.376803 
-0.418344 -0.377995 
-0.415896 -0.379181 
-0.413442 -0.380359 
-0.410983 -0.381531 
-0.408518 -0.382696 
-0.406049 -0.383855 
-0.403574 -0.385006 
-0.401094 -0.386151 
-0.398609 -0.387288 
-0.396119 -0.388419 
-0.393624 -0.389543 
-0.391123 -0.39066 
-0.388618 -0.39177 
-0.386108 -0.392874 
-0.383592 -0.39397 
-0.381072 -0.395059 
-0.378546 -0.396141 
-0.376016 -0.397217 
-0.373481 -0.398285 
-0.370941 -0.399347 
-0.368396 -0.400401 
-0.365847 -0.401448 
-0.363292 -0.402489 
-0.360733 -0.403522 
-0.358169 -0.404548 
-0.3556 -0.405567 
-0.353027 -0.406579 
-0.350449 -0.407584 
-0.347866 -0.408582 
-0.345279 -0.409572 
-0.342688 -0.410556 
-0.340091 -0.411532 
-0.33749 -0.412501 
-0.334885 -0.413463 
-0.332275 -0.414418 
-0.329661 -0.415365 
-0.327043 -0.416305 
-0.32442 -0.417238 
-0.321793 -0.418164 
-0.319161 -0.419082 
-0.316526 -0.419993 
-0.313886 -0.420897 
-0.311241 -0.421794 
-0.308593 -0.422683 
-0.30594 -0.423565 
-0.303284 -0.424439 
-0.300623 -0.425307 
-0.297958 -0.426166 
-0.295289 -0.427019 
-0.292616 -0.427864 
-0.28994 -0.428701 
-0.287259 -0.429531 
-0.284574 -0.430354 
-0.281886 -0.431169 
-0.279193 -0.431976 
-0.276497 -0.432777 
-0.273797 -0.433569 
-0.271094 -0.434354 
-0.268386 -0.435132 
-0.265675 -0.435902 
-0.262961 -0.436664 
-0.260243 -0.437419 
-0.257521 -0.438167 
-0.254795 -0.438906 
-0.252066 -0.439638 
-0.249334 -0.440363 
-0.246598 -0.44108 
-0.243859 -0.441789 
-0.241117 -0.44249 
-0.238371 -0.443184 
-0.235621 -0.44387 
-0.232869 -0.444549 
-0.230113 -0.445219 
-0.227354 -0.445882 
-0.224592 -0.446537 
