0 1
0.01 0.98995
0.02 0.979801
0.03 0.969555
0.04 0.959211
0.05 0.948771
0.06 0.938237
0.07 0.927608
0.08 0.916887
0.09 0.906074
0.1 0.895171
0.11 0.884178
0.12 0.873096
0.13 0.861928
0.14 0.850673
0.15 0.839333
0.16 0.827909
0.17 0.816402
0.18 0.804814
0.19 0.793145
0.2 0.781397
0.21 0.769571
0.22 0.757668
0.23 0.745689
0.24 0.733635
0.25 0.721508
0.26 0.709309
0.27 0.697039
0.28 0.6847
0.29 0.672292
0.3 0.659816
0.31 0.647275
0.32 0.634669
0.33 0.621999
0.34 0.609268
0.35 0.596475
0.36 0.583623
0.37 0.570712
0.38 0.557744
0.39 0.544721
0.4 0.531643
0.41 0.518511
0.42 0.505328
0.43 0.492095
0.44 0.478812
0.45 0.465482
0.46 0.452104
0.47 0.438682
0.48 0.425216
0.49 0.411707
0.5 0.398157
0.51 0.384567
0.52 0.370939
0.53 0.357274
0.54 0.343573
0.55 0.329837
0.56 0.316069
0.57 0.302269
0.58 0.288439
0.59 0.27458
0.6 0.260693
0.61 0.246781
0.62 0.232843
0.63 0.218883
0.64 0.2049
0.65 0.190897
0.66 0.176875
0.67 0.162836
0.68 0.14878
0.69 0.134709
0.7 0.120624
0.71 0.106528
0.72 0.0924211
0.73 0.0783048
0.74 0.0641806
0.75 0.0500501
0.76 0.0359146
0.77 0.0217754
0.78 0.00763412
0.79 -0.00650796
0.8 -0.0206494
0.81 -0.0347887
0.82 -0.0489246
0.83 -0.0630556
0.84 -0.0771803
0.85 -0.0912973
0.86 -0.105405
0.87 -0.119502
0.88 -0.133588
0.89 -0.14766
0.9 -0.161717
0.91 -0.175758
0.92 -0.189781
0.93 -0.203786
0.94 -0.21777
0.95 -0.231732
0.96 -0.245672
0.97 -0.259586
0.98 -0.273475
0.99 -0.287336
1 -0.301169
1.01 -0.314971
1.02 -0.328742
1.03 -0.34248
1.04 -0.356184
1.05 -0.369852
1.06 -0.383483
1.07 -0.397076
1.08 -0.410629
1.09 -0.424142
1.1 -0.437611
1.11 -0.451037
1.12 -0.464418
1.13 -0.477752
1.14 -0.491039
1.15 -0.504276
1.16 -0.517464
1.17 -0.530599
1.18 -0.543681
1.19 -0.556709
1.2 -0.569681
1.21 -0.582597
1.22 -0.595454
1.23 -0.608251
1.24 -0.620988
1.25 -0.633662
1.26 -0.646273
1.27 -0.65882
1.28 -0.671301
1.29 -0.683714
1.3 -0.696059
1.31 -0.708335
1.32 -0.72054
1.33 -0.732672
1.34 -0.744732
1.35 -0.756717
1.36 -0.768626
1.37 -0.780458
1.38 -0.792213
1.39 -0.803888
1.4 -0.815483
1.41 -0.826996
1.42 -0.838426
1.43 -0.849773
1.44 -0.861035
1.45 -0.87221
1.46 -0.883299
1.47 -0.894299
1.48 -0.905209
1.49 -0.916029
1.5 -0.926758
1.51 -0.937394
1.52 -0.947936
1.53 -0.958383
1.54 -0.968734
1.55 -0.978989
1.56 -0.989146
1.57 -0.999203
1.58 -1.00916
1.59 -1.01902
1.6 -1.02877
1.61 -1.03843
1.62 -1.04797
1.63 -1.05742
1.64 -1.06675
1.65 -1.07599
1.66 -1.08511
1.67 -1.09412
1.68 -1.10303
1.69 -1.11183
1.7 -1.12051
1.71 -1.12908
1.72 -1.13754
1.73 -1.14589
1.74 -1.15412
1.75 -1.16223
1.76 -1.17023
1.77 -1.17811
1.78 -1.18588
1.79 -1.19352
1.8 -1.20105
1.81 -1.20846
1.82 -1.21574
1.83 -1.22291
1.84 -1.22995
1.85 -1.23687
1.86 -1.24366
1.87 -1.25033
1.88 -1.25688
1.89 -1.2633
1.9 -1.26959
1.91 -1.27576
1.92 -1.2818
1.93 -1.28771
1.94 -1.29349
1.95 -1.29914
1.96 -1.30466
1.97 -1.31006
1.98 -1.31532
1.99 -1.32045
2 -1.32544
