0 1
0.001 0.997995
0.002 0.99598
0.003 0.993955
0.004 0.99192
0.005 0.989875
0.006 0.987819
0.007 0.985754
0.008 0.983679
0.009 0.981593
0.01 0.979497
0.011 0.977391
0.012 0.975275
0.013 0.973149
0.014 0.971013
0.015 0.968866
0.016 0.966709
0.017 0.964542
0.018 0.962365
0.019 0.960177
0.02 0.957979
0.021 0.955771
0.022 0.953552
0.023 0.951323
0.024 0.949084
0.025 0.946834
0.026 0.944574
0.027 0.942304
0.028 0.940023
0.029 0.937732
0.03 0.93543
0.031 0.933118
0.032 0.930796
0.033 0.928463
0.034 0.926119
0.035 0.923765
0.036 0.921401
0.037 0.919026
0.038 0.91664
0.039 0.914244
0.04 0.911838
0.041 0.90942
0.042 0.906993
0.043 0.904554
0.044 0.902105
0.045 0.899646
0.046 0.897175
0.047 0.894695
0.048 0.892203
0.049 0.889701
0.05 0.887188
0.051 0.884665
0.052 0.88213
0.053 0.879586
0.054 0.87703
0.055 0.874464
0.056 0.871887
0.057 0.869299
0.058 0.866701
0.059 0.864091
0.06 0.861471
0.061 0.858841
0.062 0.856199
0.063 0.853547
0.064 0.850884
0.065 0.84821
0.066 0.845525
0.067 0.84283
0.068 0.840124
0.069 0.837406
0.07 0.834679
0.071 0.83194
0.072 0.82919
0.073 0.82643
0.074 0.823659
0.075 0.820876
0.076 0.818084
0.077 0.81528
0.078 0.812465
0.079 0.80964
0.08 0.806803
0.081 0.803956
0.082 0.801098
0.083 0.798229
0.084 0.795349
0.085 0.792458
0.086 0.789557
0.087 0.786644
0.088 0.783721
0.089 0.780787
0.09 0.777841
0.091 0.774885
0.092 0.771919
0.093 0.768941
0.094 0.765952
0.095 0.762953
0.096 0.759943
0.097 0.756921
0.098 0.753889
0.099 0.750846
0.1 0.747793
0.101 0.744728
0.102 0.741653
0.103 0.738566
0.104 0.735469
0.105 0.732361
0.106 0.729243
0.107 0.726113
0.108 0.722973
0.109 0.719822
0.11 0.71666
0.111 0.713487
0.112 0.710303
0.113 0.707109
0.114 0.703904
0.115 0.700688
0.116 0.697462
0.117 0.694225
0.118 0.690977
0.119 0.687718
0.12 0.684449
0.121 0.681169
0.122 0.677878
0.123 0.674577
0.124 0.671265
0.125 0.667942
0.126 0.664609
0.127 0.661265
0.128 0.657911
0.129 0.654546
0.13 0.651171
0.131 0.647785
0.132 0.644388
0.133 0.640981
0.134 0.637564
0.135 0.634136
0.136 0.630698
0.137 0.627249
0.138 0.62379
0.139 0.620321
0.14 0.616841
0.141 0.613351
0.142 0.609851
0.143 0.60634
0.144 0.602819
0.145 0.599288
0.146 0.595747
0.147 0.592195
0.148 0.588633
0.149 0.585062
0.15 0.58148
0.151 0.577888
0.152 0.574286
0.153 0.570674
0.154 0.567052
0.155 0.56342
0.156 0.559778
0.157 0.556127
0.158 0.552465
0.159 0.548794
0.16 0.545113
0.161 0.541422
0.162 0.537721
0.163 0.534011
0.164 0.530291
0.165 0.526562
0.166 0.522823
0.167 0.519074
0.168 0.515316
0.169 0.511549
0.17 0.507772
0.171 0.503985
0.172 0.50019
0.173 0.496385
0.174 0.49257
0.175 0.488747
0.176 0.484914
0.177 0.481073
0.178 0.477222
0.179 0.473362
0.18 0.469493
0.181 0.465616
0.182 0.461729
0.183 0.457834
0.184 0.453929
0.185 0.450016
0.186 0.446095
0.187 0.442164
0.188 0.438225
0.189 0.434278
0.19 0.430322
0.191 0.426357
0.192 0.422385
0.193 0.418403
0.194 0.414414
0.195 0.410416
0.196 0.406411
0.197 0.402397
0.198 0.398375
0.199 0.394345
0.2 0.390307
0.201 0.386261
0.202 0.382208
0.203 0.378146
0.204 0.374077
0.205 0.370001
0.206 0.365917
0.207 0.361825
0.208 0.357726
0.209 0.353619
0.21 0.349506
0.211 0.345385
0.212 0.341256
0.213 0.337121
0.214 0.332979
0.215 0.328829
0.216 0.324673
0.217 0.32051
0.218 0.31634
0.219 0.312164
0.22 0.307981
0.221 0.303791
0.222 0.299595
0.223 0.295393
0.224 0.291184
0.225 0.286969
0.226 0.282748
0.227 0.27852
0.228 0.274287
0.229 0.270048
0.23 0.265802
0.231 0.261552
0.232 0.257295
0.233 0.253033
0.234 0.248765
0.235 0.244492
0.236 0.240213
0.237 0.235929
0.238 0.23164
0.239 0.227346
0.24 0.223047
0.241 0.218743
0.242 0.214434
0.243 0.21012
0.244 0.205801
0.245 0.201478
0.246 0.19715
0.247 0.192818
0.248 0.188482
0.249 0.184141
0.25 0.179796
0.251 0.175447
0.252 0.171094
0.253 0.166737
0.254 0.162377
0.255 0.158012
0.256 0.153645
0.257 0.149273
0.258 0.144898
0.259 0.14052
0.26 0.136138
0.261 0.131754
0.262 0.127366
0.263 0.122976
0.264 0.118582
0.265 0.114186
0.266 0.109787
0.267 0.105386
0.268 0.100982
0.269 0.0965757
0.27 0.0921673
0.271 0.0877566
0.272 0.0833439
0.273 0.0789293
0.274 0.0745128
0.275 0.0700945
0.276 0.0656746
0.277 0.0612531
0.278 0.0568302
0.279 0.0524059
0.28 0.0479804
0.281 0.0435538
0.282 0.0391261
0.283 0.0346975
0.284 0.0302681
0.285 0.0258379
0.286 0.0214071
0.287 0.0169758
0.288 0.0125441
0.289 0.00811212
0.29 0.00367993
0.291 -0.000752354
0.292 -0.00518462
0.293 -0.00961676
0.294 -0.0140487
0.295 -0.0184802
0.296 -0.0229114
0.297 -0.0273419
0.298 -0.0317718
0.299 -0.036201
0.3 -0.0406292
0.301 -0.0450565
0.302 -0.0494827
0.303 -0.0539077
0.304 -0.0583314
0.305 -0.0627536
0.306 -0.0671743
0.307 -0.0715934
0.308 -0.0760108
0.309 -0.0804263
0.31 -0.0848398
0.311 -0.0892513
0.312 -0.0936606
0.313 -0.0980676
0.314 -0.102472
0.315 -0.106874
0.316 -0.111274
0.317 -0.115671
0.318 -0.120064
0.319 -0.124455
0.32 -0.128843
0.321 -0.133228
0.322 -0.13761
0.323 -0.141988
0.324 -0.146362
0.325 -0.150734
0.326 -0.155101
0.327 -0.159464
0.328 -0.163824
0.329 -0.16818
0.33 -0.172531
0.331 -0.176879
0.332 -0.181221
0.333 -0.18556
0.334 -0.189894
0.335 -0.194223
0.336 -0.198548
0.337 -0.202867
0.338 -0.207182
0.339 -0.211491
0.34 -0.215796
0.341 -0.220095
0.342 -0.224388
0.343 -0.228677
0.344 -0.232959
0.345 -0.237236
0.346 -0.241507
0.347 -0.245772
0.348 -0.250031
0.349 -0.254284
0.35 -0.258531
0.351 -0.262771
0.352 -0.267005
0.353 -0.271233
0.354 -0.275453
0.355 -0.279667
0.356 -0.283875
0.357 -0.288075
0.358 -0.292268
0.359 -0.296454
0.36 -0.300633
0.361 -0.304805
0.362 -0.308969
0.363 -0.313126
0.364 -0.317275
0.365 -0.321417
0.366 -0.32555
0.367 -0.329676
0.368 -0.333794
0.369 -0.337903
0.37 -0.342005
0.371 -0.346098
0.372 -0.350183
0.373 -0.35426
0.374 -0.358327
0.375 -0.362387
0.376 -0.366437
0.377 -0.370479
0.378 -0.374512
0.379 -0.378536
0.38 -0.382551
0.381 -0.386557
0.382 -0.390553
0.383 -0.39454
0.384 -0.398518
0.385 -0.402486
0.386 -0.406445
0.387 -0.410394
0.388 -0.414334
0.389 -0.418263
0.39 -0.422183
0.391 -0.426093
0.392 -0.429992
0.393 -0.433882
0.394 -0.437761
0.395 -0.44163
0.396 -0.445489
0.397 -0.449337
0.398 -0.453175
0.399 -0.457002
0.4 -0.460819
0.401 -0.464625
0.402 -0.46842
0.403 -0.472204
0.404 -0.475977
0.405 -0.479739
0.406 -0.483491
0.407 -0.487231
0.408 -0.490959
0.409 -0.494677
0.41 -0.498383
0.411 -0.502078
0.412 -0.505761
0.413 -0.509433
0.414 -0.513094
0.415 -0.516742
0.416 -0.520379
0.417 -0.524004
0.418 -0.527618
0.419 -0.531219
0.42 -0.534809
0.421 -0.538386
0.422 -0.541951
0.423 -0.545505
0.424 -0.549046
0.425 -0.552575
0.426 -0.556092
0.427 -0.559596
0.428 -0.563088
0.429 -0.566567
0.43 -0.570034
0.431 -0.573489
0.432 -0.576931
0.433 -0.58036
0.434 -0.583777
0.435 -0.587181
0.436 -0.590572
0.437 -0.593951
0.438 -0.597316
0.439 -0.600669
0.44 -0.604009
0.441 -0.607336
0.442 -0.610649
0.443 -0.61395
0.444 -0.617238
0.445 -0.620512
0.446 -0.623774
0.447 -0.627022
0.448 -0.630257
0.449 -0.633478
0.45 -0.636687
0.451 -0.639882
0.452 -0.643064
0.453 -0.646232
0.454 -0.649387
0.455 -0.652528
0.456 -0.655656
0.457 -0.65877
0.458 -0.661871
0.459 -0.664958
0.46 -0.668032
0.461 -0.671092
0.462 -0.674139
0.463 -0.677171
0.464 -0.68019
0.465 -0.683196
0.466 -0.686187
0.467 -0.689165
0.468 -0.692129
0.469 -0.695079
0.47 -0.698015
0.471 -0.700938
0.472 -0.703847
0.473 -0.706741
0.474 -0.709622
0.475 -0.712489
0.476 -0.715342
0.477 -0.718181
0.478 -0.721006
0.479 -0.723818
0.48 -0.726615
0.481 -0.729398
0.482 -0.732167
0.483 -0.734922
0.484 -0.737663
0.485 -0.74039
0.486 -0.743103
0.487 -0.745802
0.488 -0.748487
0.489 -0.751158
0.49 -0.753815
0.491 -0.756458
0.492 -0.759086
0.493 -0.761701
0.494 -0.764301
0.495 -0.766888
0.496 -0.76946
0.497 -0.772018
0.498 -0.774562
0.499 -0.777092
0.5 -0.779607
0.501 -0.782109
0.502 -0.784597
0.503 -0.78707
0.504 -0.789529
0.505 -0.791975
0.506 -0.794406
0.507 -0.796823
0.508 -0.799226
0.509 -0.801614
0.51 -0.803989
0.511 -0.80635
0.512 -0.808696
0.513 -0.811029
0.514 -0.813347
0.515 -0.815651
0.516 -0.817942
0.517 -0.820218
0.518 -0.82248
0.519 -0.824728
0.52 -0.826962
0.521 -0.829182
0.522 -0.831388
0.523 -0.83358
0.524 -0.835759
0.525 -0.837923
0.526 -0.840073
0.527 -0.842209
0.528 -0.844331
0.529 -0.84644
0.53 -0.848534
0.531 -0.850614
0.532 -0.852681
0.533 -0.854734
0.534 -0.856773
0.535 -0.858798
0.536 -0.860809
0.537 -0.862806
0.538 -0.86479
0.539 -0.866759
0.54 -0.868715
0.541 -0.870657
0.542 -0.872586
0.543 -0.874501
0.544 -0.876402
0.545 -0.878289
0.546 -0.880162
0.547 -0.882022
0.548 -0.883869
0.549 -0.885701
0.55 -0.887521
0.551 -0.889326
0.552 -0.891118
0.553 -0.892897
0.554 -0.894661
0.555 -0.896413
0.556 -0.898151
0.557 -0.899875
0.558 -0.901586
0.559 -0.903284
0.56 -0.904968
0.561 -0.906639
0.562 -0.908296
0.563 -0.90994
0.564 -0.911571
0.565 -0.913188
0.566 -0.914792
0.567 -0.916383
0.568 -0.917961
0.569 -0.919525
0.57 -0.921077
0.571 -0.922615
0.572 -0.92414
0.573 -0.925652
0.574 -0.92715
0.575 -0.928636
0.576 -0.930109
0.577 -0.931568
0.578 -0.933015
0.579 -0.934449
0.58 -0.935869
0.581 -0.937277
0.582 -0.938672
0.583 -0.940054
0.584 -0.941423
0.585 -0.942779
0.586 -0.944123
0.587 -0.945453
0.588 -0.946771
0.589 -0.948076
0.59 -0.949369
0.591 -0.950648
0.592 -0.951916
0.593 -0.95317
0.594 -0.954412
0.595 -0.955641
0.596 -0.956858
0.597 -0.958062
0.598 -0.959254
0.599 -0.960433
0.6 -0.961599
0.601 -0.962754
0.602 -0.963896
0.603 -0.965025
0.604 -0.966142
0.605 -0.967247
0.606 -0.968339
0.607 -0.969419
0.608 -0.970487
0.609 -0.971543
0.61 -0.972586
0.611 -0.973618
0.612 -0.974637
0.613 -0.975644
0.614 -0.976639
0.615 -0.977622
0.616 -0.978592
0.617 -0.979551
0.618 -0.980498
0.619 -0.981432
0.62 -0.982355
0.621 -0.983266
0.622 -0.984165
0.623 -0.985052
0.624 -0.985927
0.625 -0.98679
0.626 -0.987642
0.627 -0.988482
0.628 -0.98931
0.629 -0.990126
0.63 -0.990931
0.631 -0.991723
0.632 -0.992505
0.633 -0.993274
0.634 -0.994032
0.635 -0.994779
0.636 -0.995513
0.637 -0.996237
0.638 -0.996949
0.639 -0.997649
0.64 -0.998338
0.641 -0.999015
0.642 -0.999681
0.643 -1.00034
0.644 -1.00098
0.645 -1.00161
0.646 -1.00223
0.647 -1.00284
0.648 -1.00344
0.649 -1.00403
0.65 -1.0046
0.651 -1.00517
0.652 -1.00572
0.653 -1.00626
0.654 -1.00679
0.655 -1.00731
0.656 -1.00782
0.657 -1.00832
0.658 -1.0088
0.659 -1.00928
0.66 -1.00974
0.661 -1.0102
0.662 -1.01064
0.663 -1.01107
0.664 -1.01149
0.665 -1.0119
0.666 -1.0123
0.667 -1.01269
0.668 -1.01307
0.669 -1.01344
0.67 -1.01379
0.671 -1.01414
0.672 -1.01447
0.673 -1.01479
0.674 -1.01511
0.675 -1.01541
0.676 -1.0157
0.677 -1.01598
0.678 -1.01625
0.679 -1.01651
0.68 -1.01676
0.681 -1.017
0.682 -1.01723
0.683 -1.01745
0.684 -1.01765
0.685 -1.01785
0.686 -1.01804
0.687 -1.01821
0.688 -1.01838
0.689 -1.01853
0.69 -1.01868
0.691 -1.01881
0.692 -1.01894
0.693 -1.01905
0.694 -1.01916
0.695 -1.01925
0.696 -1.01933
0.697 -1.0194
0.698 -1.01947
0.699 -1.01952
0.7 -1.01956
0.701 -1.01959
0.702 -1.01962
0.703 -1.01963
0.704 -1.01963
0.705 -1.01962
0.706 -1.0196
0.707 -1.01957
0.708 -1.01954
0.709 -1.01949
0.71 -1.01943
0.711 -1.01936
0.712 -1.01928
0.713 -1.01919
0.714 -1.01909
0.715 -1.01899
0.716 -1.01887
0.717 -1.01874
0.718 -1.0186
0.719 -1.01845
0.72 -1.0183
0.721 -1.01813
0.722 -1.01795
0.723 -1.01776
0.724 -1.01757
0.725 -1.01736
0.726 -1.01714
0.727 -1.01692
0.728 -1.01668
0.729 -1.01644
0.73 -1.01618
0.731 -1.01592
0.732 -1.01564
0.733 -1.01536
0.734 -1.01506
0.735 -1.01476
0.736 -1.01445
0.737 -1.01412
0.738 -1.01379
0.739 -1.01345
0.74 -1.0131
0.741 -1.01274
0.742 -1.01237
0.743 -1.01199
0.744 -1.0116
0.745 -1.0112
0.746 -1.01079
0.747 -1.01037
0.748 -1.00994
0.749 -1.00951
0.75 -1.00906
0.751 -1.0086
0.752 -1.00814
0.753 -1.00766
0.754 -1.00718
0.755 -1.00669
0.756 -1.00618
0.757 -1.00567
0.758 -1.00515
0.759 -1.00462
0.76 -1.00408
0.761 -1.00353
0.762 -1.00297
0.763 -1.0024
0.764 -1.00183
0.765 -1.00124
0.766 -1.00064
0.767 -1.00004
0.768 -0.999426
0.769 -0.998803
0.77 -0.99817
0.771 -0.997528
0.772 -0.996877
0.773 -0.996217
0.774 -0.995548
0.775 -0.994869
0.776 -0.994182
0.777 -0.993485
0.778 -0.992779
0.779 -0.992064
0.78 -0.99134
0.781 -0.990606
0.782 -0.989864
0.783 -0.989113
0.784 -0.988352
0.785 -0.987582
0.786 -0.986804
0.787 -0.986016
0.788 -0.985219
0.789 -0.984413
0.79 -0.983598
0.791 -0.982774
0.792 -0.981941
0.793 -0.981099
0.794 -0.980249
0.795 -0.979389
0.796 -0.97852
0.797 -0.977642
0.798 -0.976755
0.799 -0.975859
0.8 -0.974954
0.801 -0.97404
0.802 -0.973118
0.803 -0.972186
0.804 -0.971245
0.805 -0.970296
0.806 -0.969337
0.807 -0.96837
0.808 -0.967394
0.809 -0.966409
0.81 -0.965415
0.811 -0.964412
0.812 -0.9634
0.813 -0.962379
0.814 -0.96135
0.815 -0.960311
0.816 -0.959264
0.817 -0.958208
0.818 -0.957143
0.819 -0.956069
0.82 -0.954986
0.821 -0.953895
0.822 -0.952795
0.823 -0.951686
0.824 -0.950568
0.825 -0.949441
0.826 -0.948306
0.827 -0.947161
0.828 -0.946008
0.829 -0.944846
0.83 -0.943676
0.831 -0.942496
0.832 -0.941308
0.833 -0.940111
0.834 -0.938905
0.835 -0.937691
0.836 -0.936468
0.837 -0.935236
0.838 -0.933995
0.839 -0.932746
0.84 -0.931488
0.841 -0.930221
0.842 -0.928945
0.843 -0.927661
0.844 -0.926368
0.845 -0.925066
0.846 -0.923756
0.847 -0.922437
0.848 -0.921109
0.849 -0.919772
0.85 -0.918427
0.851 -0.917073
0.852 -0.915711
0.853 -0.91434
0.854 -0.91296
0.855 -0.911571
0.856 -0.910174
0.857 -0.908768
0.858 -0.907354
0.859 -0.905931
0.86 -0.904499
0.861 -0.903059
0.862 -0.90161
0.863 -0.900152
0.864 -0.898686
0.865 -0.897211
0.866 -0.895728
0.867 -0.894236
0.868 -0.892735
0.869 -0.891226
0.87 -0.889708
0.871 -0.888181
0.872 -0.886646
0.873 -0.885103
0.874 -0.883551
0.875 -0.88199
0.876 -0.88042
0.877 -0.878842
0.878 -0.877256
0.879 -0.875661
0.88 -0.874057
0.881 -0.872445
0.882 -0.870825
0.883 -0.869195
0.884 -0.867558
0.885 -0.865911
0.886 -0.864256
0.887 -0.862593
0.888 -0.860921
0.889 -0.859241
0.89 -0.857552
0.891 -0.855855
0.892 -0.854149
0.893 -0.852434
0.894 -0.850711
0.895 -0.84898
0.896 -0.84724
0.897 -0.845492
0.898 -0.843735
0.899 -0.84197
0.9 -0.840196
0.901 -0.838414
0.902 -0.836623
0.903 -0.834824
0.904 -0.833017
0.905 -0.831201
0.906 -0.829376
0.907 -0.827543
0.908 -0.825702
0.909 -0.823852
0.91 -0.821994
0.911 -0.820128
0.912 -0.818253
0.913 -0.81637
0.914 -0.814478
0.915 -0.812578
0.916 -0.810669
0.917 -0.808752
0.918 -0.806827
0.919 -0.804894
0.92 -0.802952
0.921 -0.801001
0.922 -0.799043
0.923 -0.797076
0.924 -0.7951
0.925 -0.793117
0.926 -0.791125
0.927 -0.789124
0.928 -0.787116
0.929 -0.785099
0.93 -0.783074
0.931 -0.78104
0.932 -0.778998
0.933 -0.776948
0.934 -0.77489
0.935 -0.772823
0.936 -0.770748
0.937 -0.768665
0.938 -0.766574
0.939 -0.764474
0.94 -0.762367
0.941 -0.760251
0.942 -0.758126
0.943 -0.755994
0.944 -0.753853
0.945 -0.751704
0.946 -0.749547
0.947 -0.747382
0.948 -0.745209
0.949 -0.743027
0.95 -0.740838
0.951 -0.73864
0.952 -0.736434
0.953 -0.73422
0.954 -0.731998
0.955 -0.729767
0.956 -0.727529
0.957 -0.725283
0.958 -0.723028
0.959 -0.720765
0.96 -0.718495
0.961 -0.716216
0.962 -0.713929
0.963 -0.711635
0.964 -0.709332
0.965 -0.707021
0.966 -0.704702
0.967 -0.702375
0.968 -0.700041
0.969 -0.697698
0.97 -0.695347
0.971 -0.692989
0.972 -0.690622
0.973 -0.688248
0.974 -0.685865
0.975 -0.683475
0.976 -0.681077
0.977 -0.678671
0.978 -0.676257
0.979 -0.673835
0.98 -0.671406
0.981 -0.668968
0.982 -0.666523
0.983 -0.66407
0.984 -0.66161
0.985 -0.659141
0.986 -0.656665
0.987 -0.654181
0.988 -0.651689
0.989 -0.649189
0.99 -0.646682
0.991 -0.644167
0.992 -0.641645
0.993 -0.639115
0.994 -0.636577
0.995 -0.634031
0.996 -0.631478
0.997 -0.628918
0.998 -0.626349
0.999 -0.623773
1 -0.62119
1.001 -0.618599
1.002 -0.616001
1.003 -0.613395
1.004 -0.610781
1.005 -0.60816
1.006 -0.605532
1.007 -0.602896
1.008 -0.600253
1.009 -0.597603
1.01 -0.594945
1.011 -0.592279
1.012 -0.589607
1.013 -0.586927
1.014 -0.584239
1.015 -0.581545
1.016 -0.578843
1.017 -0.576134
1.018 -0.573417
1.019 -0.570694
1.02 -0.567963
1.021 -0.565225
1.022 -0.56248
1.023 -0.559728
1.024 -0.556969
1.025 -0.554202
1.026 -0.551429
1.027 -0.548648
1.028 -0.545861
1.029 -0.543066
1.03 -0.540265
1.031 -0.537456
1.032 -0.534641
1.033 -0.531818
1.034 -0.528989
1.035 -0.526153
1.036 -0.52331
1.037 -0.52046
1.038 -0.517604
1.039 -0.51474
1.04 -0.51187
1.041 -0.508994
1.042 -0.50611
1.043 -0.50322
1.044 -0.500323
1.045 -0.49742
1.046 -0.49451
1.047 -0.491593
1.048 -0.48867
1.049 -0.48574
1.05 -0.482804
1.051 -0.479861
1.052 -0.476912
1.053 -0.473957
1.054 -0.470995
1.055 -0.468027
1.056 -0.465052
1.057 -0.462071
1.058 -0.459084
1.059 -0.456091
1.06 -0.453091
1.061 -0.450086
1.062 -0.447074
1.063 -0.444056
1.064 -0.441032
1.065 -0.438001
1.066 -0.434965
1.067 -0.431923
1.068 -0.428875
1.069 -0.425821
1.07 -0.422761
1.071 -0.419695
1.072 -0.416623
1.073 -0.413545
1.074 -0.410462
1.075 -0.407373
1.076 -0.404278
1.077 -0.401178
1.078 -0.398072
1.079 -0.39496
1.08 -0.391842
1.081 -0.38872
1.082 -0.385591
1.083 -0.382457
1.084 -0.379318
1.085 -0.376173
1.086 -0.373023
1.087 -0.369868
1.088 -0.366707
1.089 -0.363541
1.09 -0.36037
1.091 -0.357194
1.092 -0.354012
1.093 -0.350826
1.094 -0.347634
1.095 -0.344437
1.096 -0.341236
1.097 -0.338029
1.098 -0.334817
1.099 -0.331601
1.1 -0.328379
1.101 -0.325153
1.102 -0.321922
1.103 -0.318687
1.104 -0.315446
1.105 -0.312201
1.106 -0.308952
1.107 -0.305698
1.108 -0.302439
1.109 -0.299176
1.11 -0.295908
1.111 -0.292636
1.112 -0.28936
1.113 -0.28608
1.114 -0.282795
1.115 -0.279505
1.116 -0.276212
1.117 -0.272915
1.118 -0.269613
1.119 -0.266308
1.12 -0.262998
1.121 -0.259684
1.122 -0.256367
1.123 -0.253045
1.124 -0.24972
1.125 -0.246391
1.126 -0.243059
1.127 -0.239722
1.128 -0.236382
1.129 -0.233038
1.13 -0.229691
1.131 -0.22634
1.132 -0.222986
1.133 -0.219628
1.134 -0.216267
1.135 -0.212903
1.136 -0.209536
1.137 -0.206165
1.138 -0.202791
1.139 -0.199413
1.14 -0.196033
1.141 -0.19265
1.142 -0.189264
1.143 -0.185875
1.144 -0.182482
1.145 -0.179088
1.146 -0.17569
1.147 -0.172289
1.148 -0.168886
1.149 -0.16548
1.15 -0.162072
1.151 -0.158661
1.152 -0.155248
1.153 -0.151832
1.154 -0.148414
1.155 -0.144993
1.156 -0.14157
1.157 -0.138145
1.158 -0.134718
1.159 -0.131289
1.16 -0.127857
1.161 -0.124424
1.162 -0.120988
1.163 -0.117551
1.164 -0.114112
1.165 -0.11067
1.166 -0.107228
1.167 -0.103783
1.168 -0.100337
1.169 -0.0968892
1.17 -0.0934398
1.171 -0.089989
1.172 -0.0865368
1.173 -0.0830831
1.174 -0.0796281
1.175 -0.0761719
1.176 -0.0727144
1.177 -0.0692558
1.178 -0.065796
1.179 -0.0623352
1.18 -0.0588734
1.181 -0.0554106
1.182 -0.051947
1.183 -0.0484825
1.184 -0.0450172
1.185 -0.0415512
1.186 -0.0380845
1.187 -0.0346172
1.188 -0.0311493
1.189 -0.027681
1.19 -0.0242122
1.191 -0.020743
1.192 -0.0172734
1.193 -0.0138036
1.194 -0.0103336
1.195 -0.00686335
1.196 -0.00339303
1.197 7.73519e-005
1.198 0.00354773
1.199 0.00701805
1.2 0.0104883
1.201 0.0139583
1.202 0.0174281
1.203 0.0208976
1.204 0.0243668
1.205 0.0278356
1.206 0.0313039
1.207 0.0347717
1.208 0.038239
1.209 0.0417056
1.21 0.0451715
1.211 0.0486367
1.212 0.0521011
1.213 0.0555647
1.214 0.0590273
1.215 0.062489
1.216 0.0659496
1.217 0.0694092
1.218 0.0728676
1.219 0.0763248
1.22 0.0797808
1.221 0.0832355
1.222 0.0866887
1.223 0.0901406
1.224 0.093591
1.225 0.0970399
1.226 0.100487
1.227 0.103933
1.228 0.107377
1.229 0.110819
1.23 0.114259
1.231 0.117697
1.232 0.121134
1.233 0.124568
1.234 0.128001
1.235 0.131431
1.236 0.134859
1.237 0.138285
1.238 0.141709
1.239 0.14513
1.24 0.148549
1.241 0.151966
1.242 0.15538
1.243 0.158791
1.244 0.1622
1.245 0.165606
1.246 0.16901
1.247 0.172411
1.248 0.175808
1.249 0.179203
1.25 0.182595
1.251 0.185984
1.252 0.18937
1.253 0.192753
1.254 0.196133
1.255 0.19951
1.256 0.202883
1.257 0.206253
1.258 0.209619
1.259 0.212982
1.26 0.216342
1.261 0.219698
1.262 0.22305
1.263 0.226399
1.264 0.229744
1.265 0.233085
1.266 0.236423
1.267 0.239757
1.268 0.243086
1.269 0.246412
1.27 0.249734
1.271 0.253052
1.272 0.256365
1.273 0.259675
1.274 0.26298
1.275 0.266281
1.276 0.269577
1.277 0.272869
1.278 0.276157
1.279 0.27944
1.28 0.282719
1.281 0.285993
1.282 0.289263
1.283 0.292528
1.284 0.295788
1.285 0.299043
1.286 0.302293
1.287 0.305539
1.288 0.30878
1.289 0.312015
1.29 0.315246
1.291 0.318472
1.292 0.321692
1.293 0.324908
1.294 0.328118
1.295 0.331322
1.296 0.334522
1.297 0.337716
1.298 0.340905
1.299 0.344088
1.3 0.347266
1.301 0.350438
1.302 0.353605
1.303 0.356766
1.304 0.359922
1.305 0.363071
1.306 0.366215
1.307 0.369353
1.308 0.372485
1.309 0.375612
1.31 0.378732
1.311 0.381847
1.312 0.384955
1.313 0.388057
1.314 0.391154
1.315 0.394244
1.316 0.397328
1.317 0.400405
1.318 0.403477
1.319 0.406542
1.32 0.4096
1.321 0.412653
1.322 0.415699
1.323 0.418738
1.324 0.421771
1.325 0.424797
1.326 0.427817
1.327 0.43083
1.328 0.433836
1.329 0.436836
1.33 0.439829
1.331 0.442815
1.332 0.445795
1.333 0.448767
1.334 0.451733
1.335 0.454692
1.336 0.457643
1.337 0.460588
1.338 0.463526
1.339 0.466456
1.34 0.46938
1.341 0.472296
1.342 0.475206
1.343 0.478108
1.344 0.481002
1.345 0.48389
1.346 0.48677
1.347 0.489643
1.348 0.492508
1.349 0.495367
1.35 0.498217
1.351 0.50106
1.352 0.503896
1.353 0.506724
1.354 0.509545
1.355 0.512358
1.356 0.515163
1.357 0.517961
1.358 0.520751
1.359 0.523534
1.36 0.526309
1.361 0.529075
1.362 0.531835
1.363 0.534586
1.364 0.537329
1.365 0.540065
1.366 0.542793
1.367 0.545513
1.368 0.548225
1.369 0.550929
1.37 0.553624
1.371 0.556312
1.372 0.558992
1.373 0.561664
1.374 0.564328
1.375 0.566983
1.376 0.569631
1.377 0.57227
1.378 0.574901
1.379 0.577524
1.38 0.580139
1.381 0.582745
1.382 0.585343
1.383 0.587933
1.384 0.590515
1.385 0.593088
1.386 0.595653
1.387 0.598209
1.388 0.600758
1.389 0.603297
1.39 0.605828
1.391 0.608351
1.392 0.610866
1.393 0.613371
1.394 0.615869
1.395 0.618358
1.396 0.620838
1.397 0.62331
1.398 0.625773
1.399 0.628227
1.4 0.630673
1.401 0.633111
1.402 0.635539
1.403 0.637959
1.404 0.640371
1.405 0.642773
1.406 0.645167
1.407 0.647553
1.408 0.649929
1.409 0.652297
1.41 0.654656
1.411 0.657007
1.412 0.659348
1.413 0.661681
1.414 0.664005
1.415 0.66632
1.416 0.668626
1.417 0.670924
1.418 0.673212
1.419 0.675492
1.42 0.677763
1.421 0.680025
1.422 0.682278
1.423 0.684522
1.424 0.686758
1.425 0.688984
1.426 0.691202
1.427 0.69341
1.428 0.69561
1.429 0.6978
1.43 0.699982
1.431 0.702155
1.432 0.704318
1.433 0.706473
1.434 0.708619
1.435 0.710756
1.436 0.712883
1.437 0.715002
1.438 0.717112
1.439 0.719213
1.44 0.721304
1.441 0.723387
1.442 0.72546
1.443 0.727525
1.444 0.72958
1.445 0.731627
1.446 0.733664
1.447 0.735692
1.448 0.737712
1.449 0.739722
1.45 0.741723
1.451 0.743715
1.452 0.745698
1.453 0.747672
1.454 0.749636
1.455 0.751592
1.456 0.753539
1.457 0.755476
1.458 0.757404
1.459 0.759324
1.46 0.761234
1.461 0.763135
1.462 0.765027
1.463 0.76691
1.464 0.768783
1.465 0.770648
1.466 0.772504
1.467 0.77435
1.468 0.776187
1.469 0.778015
1.47 0.779834
1.471 0.781644
1.472 0.783445
1.473 0.785237
1.474 0.78702
1.475 0.788793
1.476 0.790558
1.477 0.792313
1.478 0.794059
1.479 0.795796
1.48 0.797524
1.481 0.799243
1.482 0.800953
1.483 0.802654
1.484 0.804345
1.485 0.806028
1.486 0.807701
1.487 0.809366
1.488 0.811021
1.489 0.812667
1.49 0.814304
1.491 0.815932
1.492 0.817551
1.493 0.819161
1.494 0.820762
1.495 0.822354
1.496 0.823936
1.497 0.82551
1.498 0.827074
1.499 0.82863
1.5 0.830177
1.501 0.831714
1.502 0.833242
1.503 0.834762
1.504 0.836272
1.505 0.837774
1.506 0.839266
1.507 0.840749
1.508 0.842224
1.509 0.843689
1.51 0.845145
1.511 0.846593
1.512 0.848031
1.513 0.84946
1.514 0.850881
1.515 0.852292
1.516 0.853695
1.517 0.855088
1.518 0.856473
1.519 0.857848
1.52 0.859215
1.521 0.860573
1.522 0.861921
1.523 0.863261
1.524 0.864592
1.525 0.865914
1.526 0.867228
1.527 0.868532
1.528 0.869827
1.529 0.871114
1.53 0.872391
1.531 0.87366
1.532 0.87492
1.533 0.876171
1.534 0.877413
1.535 0.878646
1.536 0.879871
1.537 0.881086
1.538 0.882293
1.539 0.883491
1.54 0.88468
1.541 0.885861
1.542 0.887032
1.543 0.888195
1.544 0.889349
1.545 0.890494
1.546 0.891631
1.547 0.892758
1.548 0.893877
1.549 0.894988
1.55 0.896089
1.551 0.897182
1.552 0.898266
1.553 0.899341
1.554 0.900408
1.555 0.901465
1.556 0.902515
1.557 0.903555
1.558 0.904587
1.559 0.90561
1.56 0.906624
1.561 0.90763
1.562 0.908627
1.563 0.909616
1.564 0.910596
1.565 0.911567
1.566 0.91253
1.567 0.913484
1.568 0.914429
1.569 0.915366
1.57 0.916294
1.571 0.917214
1.572 0.918125
1.573 0.919027
1.574 0.919921
1.575 0.920807
1.576 0.921684
1.577 0.922552
1.578 0.923412
1.579 0.924263
1.58 0.925106
1.581 0.92594
1.582 0.926766
1.583 0.927583
1.584 0.928392
1.585 0.929192
1.586 0.929984
1.587 0.930767
1.588 0.931542
1.589 0.932308
1.59 0.933066
1.591 0.933816
1.592 0.934557
1.593 0.93529
1.594 0.936014
1.595 0.93673
1.596 0.937437
1.597 0.938136
1.598 0.938827
1.599 0.939509
1.6 0.940183
1.601 0.940849
1.602 0.941506
1.603 0.942155
1.604 0.942796
1.605 0.943428
1.606 0.944052
1.607 0.944667
1.608 0.945275
1.609 0.945873
1.61 0.946464
1.611 0.947046
1.612 0.94762
1.613 0.948186
1.614 0.948744
1.615 0.949293
1.616 0.949834
1.617 0.950367
1.618 0.950891
1.619 0.951407
1.62 0.951915
1.621 0.952415
1.622 0.952906
1.623 0.95339
1.624 0.953865
1.625 0.954332
1.626 0.95479
1.627 0.955241
1.628 0.955683
1.629 0.956117
1.63 0.956543
1.631 0.956961
1.632 0.95737
1.633 0.957772
1.634 0.958165
1.635 0.95855
1.636 0.958927
1.637 0.959296
1.638 0.959657
1.639 0.960009
1.64 0.960354
1.641 0.96069
1.642 0.961018
1.643 0.961338
1.644 0.96165
1.645 0.961954
1.646 0.96225
1.647 0.962538
1.648 0.962817
1.649 0.963089
1.65 0.963352
1.651 0.963608
1.652 0.963855
1.653 0.964094
1.654 0.964326
1.655 0.964549
1.656 0.964764
1.657 0.964971
1.658 0.96517
1.659 0.965361
1.66 0.965544
1.661 0.965719
1.662 0.965886
1.663 0.966045
1.664 0.966196
1.665 0.966338
1.666 0.966473
1.667 0.9666
1.668 0.966719
1.669 0.96683
1.67 0.966933
1.671 0.967027
1.672 0.967114
1.673 0.967193
1.674 0.967264
1.675 0.967327
1.676 0.967382
1.677 0.967429
1.678 0.967468
1.679 0.967499
1.68 0.967522
1.681 0.967537
1.682 0.967544
1.683 0.967543
1.684 0.967535
1.685 0.967518
1.686 0.967493
1.687 0.967461
1.688 0.96742
1.689 0.967372
1.69 0.967315
1.691 0.967251
1.692 0.967178
1.693 0.967098
1.694 0.96701
1.695 0.966914
1.696 0.96681
1.697 0.966698
1.698 0.966578
1.699 0.96645
1.7 0.966314
1.701 0.96617
1.702 0.966019
1.703 0.965859
1.704 0.965692
1.705 0.965516
1.706 0.965333
1.707 0.965142
1.708 0.964943
1.709 0.964735
1.71 0.96452
1.711 0.964298
1.712 0.964067
1.713 0.963828
1.714 0.963581
1.715 0.963327
1.716 0.963064
1.717 0.962794
1.718 0.962516
1.719 0.962229
1.72 0.961935
1.721 0.961633
1.722 0.961323
1.723 0.961005
1.724 0.960679
1.725 0.960346
1.726 0.960004
1.727 0.959655
1.728 0.959297
1.729 0.958932
1.73 0.958558
1.731 0.958177
1.732 0.957788
1.733 0.957391
1.734 0.956986
1.735 0.956573
1.736 0.956152
1.737 0.955724
1.738 0.955287
1.739 0.954842
1.74 0.95439
1.741 0.953929
1.742 0.953461
1.743 0.952985
1.744 0.9525
1.745 0.952008
1.746 0.951508
1.747 0.951
1.748 0.950484
1.749 0.94996
1.75 0.949428
1.751 0.948888
1.752 0.948341
1.753 0.947785
1.754 0.947221
1.755 0.94665
1.756 0.94607
1.757 0.945483
1.758 0.944887
1.759 0.944284
1.76 0.943672
1.761 0.943053
1.762 0.942425
1.763 0.94179
1.764 0.941147
1.765 0.940495
1.766 0.939836
1.767 0.939169
1.768 0.938494
1.769 0.93781
1.77 0.937119
1.771 0.93642
1.772 0.935713
1.773 0.934998
1.774 0.934274
1.775 0.933543
1.776 0.932804
1.777 0.932057
1.778 0.931301
1.779 0.930538
1.78 0.929767
1.781 0.928987
1.782 0.9282
1.783 0.927405
1.784 0.926601
1.785 0.92579
1.786 0.92497
1.787 0.924142
1.788 0.923307
1.789 0.922463
1.79 0.921611
1.791 0.920751
1.792 0.919884
1.793 0.919008
1.794 0.918124
1.795 0.917231
1.796 0.916331
1.797 0.915423
1.798 0.914507
1.799 0.913582
1.8 0.91265
1.801 0.911709
1.802 0.91076
1.803 0.909803
1.804 0.908838
1.805 0.907865
1.806 0.906884
1.807 0.905894
1.808 0.904897
1.809 0.903891
1.81 0.902877
1.811 0.901855
1.812 0.900825
1.813 0.899787
1.814 0.898741
1.815 0.897686
1.816 0.896623
1.817 0.895552
1.818 0.894473
1.819 0.893386
1.82 0.892291
1.821 0.891187
1.822 0.890075
1.823 0.888955
1.824 0.887827
1.825 0.88669
1.826 0.885546
1.827 0.884393
1.828 0.883232
1.829 0.882062
1.83 0.880885
1.831 0.879699
1.832 0.878505
1.833 0.877303
1.834 0.876092
1.835 0.874873
1.836 0.873646
1.837 0.872411
1.838 0.871167
1.839 0.869916
1.84 0.868655
1.841 0.867387
1.842 0.86611
1.843 0.864825
1.844 0.863532
1.845 0.86223
1.846 0.860921
1.847 0.859602
1.848 0.858276
1.849 0.856941
1.85 0.855598
1.851 0.854246
1.852 0.852887
1.853 0.851518
1.854 0.850142
1.855 0.848757
1.856 0.847364
1.857 0.845963
1.858 0.844553
1.859 0.843134
1.86 0.841708
1.861 0.840273
1.862 0.838829
1.863 0.837378
1.864 0.835918
1.865 0.834449
1.866 0.832972
1.867 0.831487
1.868 0.829993
1.869 0.828491
1.87 0.826981
1.871 0.825462
1.872 0.823935
1.873 0.822399
1.874 0.820855
1.875 0.819302
1.876 0.817741
1.877 0.816172
1.878 0.814594
1.879 0.813008
1.88 0.811413
1.881 0.80981
1.882 0.808199
1.883 0.806579
1.884 0.80495
1.885 0.803313
1.886 0.801668
1.887 0.800014
1.888 0.798352
1.889 0.796681
1.89 0.795002
1.891 0.793314
1.892 0.791618
1.893 0.789913
1.894 0.7882
1.895 0.786479
1.896 0.784748
1.897 0.78301
1.898 0.781263
1.899 0.779507
1.9 0.777743
1.901 0.775971
1.902 0.77419
1.903 0.7724
1.904 0.770602
1.905 0.768796
1.906 0.766981
1.907 0.765157
1.908 0.763325
1.909 0.761485
1.91 0.759636
1.911 0.757778
1.912 0.755912
1.913 0.754038
1.914 0.752155
1.915 0.750263
1.916 0.748363
1.917 0.746455
1.918 0.744538
1.919 0.742612
1.92 0.740678
1.921 0.738736
1.922 0.736785
1.923 0.734825
1.924 0.732857
1.925 0.730881
1.926 0.728896
1.927 0.726902
1.928 0.7249
1.929 0.72289
1.93 0.720871
1.931 0.718844
1.932 0.716808
1.933 0.714763
1.934 0.71271
1.935 0.710649
1.936 0.708579
1.937 0.706501
1.938 0.704414
1.939 0.702318
1.94 0.700215
1.941 0.698102
1.942 0.695982
1.943 0.693853
1.944 0.691715
1.945 0.689569
1.946 0.687415
1.947 0.685252
1.948 0.68308
1.949 0.6809
1.95 0.678712
1.951 0.676516
1.952 0.674311
1.953 0.672097
1.954 0.669875
1.955 0.667645
1.956 0.665406
1.957 0.663159
1.958 0.660904
1.959 0.65864
1.96 0.656368
1.961 0.654087
1.962 0.651799
1.963 0.649501
1.964 0.647196
1.965 0.644882
1.966 0.64256
1.967 0.640229
1.968 0.63789
1.969 0.635543
1.97 0.633188
1.971 0.630824
1.972 0.628452
1.973 0.626072
1.974 0.623683
1.975 0.621287
1.976 0.618882
1.977 0.616469
1.978 0.614047
1.979 0.611618
1.98 0.60918
1.981 0.606734
1.982 0.60428
1.983 0.601818
1.984 0.599347
1.985 0.596869
1.986 0.594382
1.987 0.591887
1.988 0.589385
1.989 0.586874
1.99 0.584355
1.991 0.581828
1.992 0.579293
1.993 0.57675
1.994 0.574198
1.995 0.571639
1.996 0.569072
1.997 0.566497
1.998 0.563914
1.999 0.561323
2 0.558725
2.001 0.556118
2.002 0.553503
2.003 0.550881
2.004 0.548251
2.005 0.545612
2.006 0.542966
2.007 0.540313
2.008 0.537651
2.009 0.534982
2.01 0.532305
2.011 0.52962
2.012 0.526928
2.013 0.524228
2.014 0.52152
2.015 0.518805
2.016 0.516082
2.017 0.513351
2.018 0.510613
2.019 0.507867
2.02 0.505114
2.021 0.502353
2.022 0.499585
2.023 0.496809
2.024 0.494026
2.025 0.491235
2.026 0.488437
2.027 0.485632
2.028 0.482819
2.029 0.479999
2.03 0.477172
2.031 0.474337
2.032 0.471495
2.033 0.468646
2.034 0.46579
2.035 0.462926
2.036 0.460056
2.037 0.457178
2.038 0.454293
2.039 0.451401
2.04 0.448503
2.041 0.445597
2.042 0.442684
2.043 0.439764
2.044 0.436837
2.045 0.433904
2.046 0.430963
2.047 0.428016
2.048 0.425062
2.049 0.422101
2.05 0.419134
2.051 0.41616
2.052 0.413179
2.053 0.410191
2.054 0.407197
2.055 0.404196
2.056 0.401189
2.057 0.398175
2.058 0.395155
2.059 0.392129
2.06 0.389096
2.061 0.386056
2.062 0.383011
2.063 0.379959
2.064 0.3769
2.065 0.373836
2.066 0.370765
2.067 0.367689
2.068 0.364606
2.069 0.361517
2.07 0.358422
2.071 0.355321
2.072 0.352214
2.073 0.349101
2.074 0.345982
2.075 0.342858
2.076 0.339728
2.077 0.336592
2.078 0.33345
2.079 0.330303
2.08 0.32715
2.081 0.323991
2.082 0.320827
2.083 0.317657
2.084 0.314482
2.085 0.311302
2.086 0.308116
2.087 0.304925
2.088 0.301728
2.089 0.298526
2.09 0.29532
2.091 0.292108
2.092 0.28889
2.093 0.285668
2.094 0.282441
2.095 0.279209
2.096 0.275972
2.097 0.27273
2.098 0.269484
2.099 0.266232
2.1 0.262976
2.101 0.259715
2.102 0.25645
2.103 0.25318
2.104 0.249905
2.105 0.246626
2.106 0.243343
2.107 0.240055
2.108 0.236763
2.109 0.233467
2.11 0.230166
2.111 0.226862
2.112 0.223553
2.113 0.22024
2.114 0.216923
2.115 0.213602
2.116 0.210278
2.117 0.206949
2.118 0.203617
2.119 0.200281
2.12 0.196941
2.121 0.193598
2.122 0.190251
2.123 0.186901
2.124 0.183547
2.125 0.18019
2.126 0.17683
2.127 0.173466
2.128 0.170099
2.129 0.166729
2.13 0.163355
2.131 0.159979
2.132 0.1566
2.133 0.153218
2.134 0.149833
2.135 0.146445
2.136 0.143054
2.137 0.139661
2.138 0.136265
2.139 0.132866
2.14 0.129465
2.141 0.126062
2.142 0.122656
2.143 0.119248
2.144 0.115837
2.145 0.112424
2.146 0.10901
2.147 0.105593
2.148 0.102174
2.149 0.0987531
2.15 0.0953304
2.151 0.0919058
2.152 0.0884795
2.153 0.0850515
2.154 0.0816219
2.155 0.0781907
2.156 0.074758
2.157 0.0713238
2.158 0.0678883
2.159 0.0644514
2.16 0.0610133
2.161 0.0575741
2.162 0.0541337
2.163 0.0506923
2.164 0.0472498
2.165 0.0438065
2.166 0.0403623
2.167 0.0369173
2.168 0.0334716
2.169 0.0300253
2.17 0.0265784
2.171 0.0231309
2.172 0.019683
2.173 0.0162347
2.174 0.0127861
2.175 0.00933723
2.176 0.00588819
2.177 0.00243902
2.178 -0.00101018
2.179 -0.00445937
2.18 -0.00790847
2.181 -0.0113574
2.182 -0.0148061
2.183 -0.0182546
2.184 -0.0217026
2.185 -0.0251503
2.186 -0.0285974
2.187 -0.032044
2.188 -0.0354899
2.189 -0.0389352
2.19 -0.0423796
2.191 -0.0458233
2.192 -0.049266
2.193 -0.0527077
2.194 -0.0561484
2.195 -0.059588
2.196 -0.0630264
2.197 -0.0664635
2.198 -0.0698993
2.199 -0.0733337
2.2 -0.0767667
2.201 -0.0801981
2.202 -0.0836279
2.203 -0.0870561
2.204 -0.0904825
2.205 -0.0939071
2.206 -0.0973299
2.207 -0.100751
2.208 -0.104169
2.209 -0.107586
2.21 -0.111001
2.211 -0.114413
2.212 -0.117823
2.213 -0.121231
2.214 -0.124636
2.215 -0.128039
2.216 -0.131439
2.217 -0.134836
2.218 -0.138231
2.219 -0.141623
2.22 -0.145013
2.221 -0.148399
2.222 -0.151782
2.223 -0.155163
2.224 -0.15854
2.225 -0.161914
2.226 -0.165285
2.227 -0.168652
2.228 -0.172016
2.229 -0.175377
2.23 -0.178734
2.231 -0.182087
2.232 -0.185437
2.233 -0.188783
2.234 -0.192126
2.235 -0.195464
2.236 -0.198799
2.237 -0.20213
2.238 -0.205456
2.239 -0.208779
2.24 -0.212097
2.241 -0.215411
2.242 -0.218721
2.243 -0.222026
2.244 -0.225327
2.245 -0.228623
2.246 -0.231915
2.247 -0.235202
2.248 -0.238485
2.249 -0.241763
2.25 -0.245036
2.251 -0.248304
2.252 -0.251567
2.253 -0.254825
2.254 -0.258078
2.255 -0.261326
2.256 -0.264568
2.257 -0.267806
2.258 -0.271038
2.259 -0.274264
2.26 -0.277485
2.261 -0.280701
2.262 -0.283911
2.263 -0.287116
2.264 -0.290315
2.265 -0.293508
2.266 -0.296695
2.267 -0.299876
2.268 -0.303052
2.269 -0.306221
2.27 -0.309384
2.271 -0.312542
2.272 -0.315693
2.273 -0.318838
2.274 -0.321976
2.275 -0.325109
2.276 -0.328235
2.277 -0.331354
2.278 -0.334467
2.279 -0.337573
2.28 -0.340673
2.281 -0.343766
2.282 -0.346853
2.283 -0.349932
2.284 -0.353005
2.285 -0.356071
2.286 -0.35913
2.287 -0.362182
2.288 -0.365227
2.289 -0.368264
2.29 -0.371295
2.291 -0.374318
2.292 -0.377335
2.293 -0.380344
2.294 -0.383345
2.295 -0.386339
2.296 -0.389326
2.297 -0.392305
2.298 -0.395277
2.299 -0.398241
2.3 -0.401197
2.301 -0.404146
2.302 -0.407087
2.303 -0.41002
2.304 -0.412945
2.305 -0.415863
2.306 -0.418772
2.307 -0.421674
2.308 -0.424567
2.309 -0.427453
2.31 -0.43033
2.311 -0.433199
2.312 -0.43606
2.313 -0.438913
2.314 -0.441757
2.315 -0.444593
2.316 -0.447421
2.317 -0.450241
2.318 -0.453051
2.319 -0.455854
2.32 -0.458648
2.321 -0.461433
2.322 -0.46421
2.323 -0.466978
2.324 -0.469737
2.325 -0.472488
2.326 -0.47523
2.327 -0.477963
2.328 -0.480687
2.329 -0.483402
2.33 -0.486109
2.331 -0.488806
2.332 -0.491495
2.333 -0.494175
2.334 -0.496845
2.335 -0.499506
2.336 -0.502159
2.337 -0.504802
2.338 -0.507436
2.339 -0.51006
2.34 -0.512676
2.341 -0.515282
2.342 -0.517879
2.343 -0.520466
2.344 -0.523044
2.345 -0.525613
2.346 -0.528172
2.347 -0.530722
2.348 -0.533262
2.349 -0.535793
2.35 -0.538314
2.351 -0.540826
2.352 -0.543328
2.353 -0.545821
2.354 -0.548303
2.355 -0.550776
2.356 -0.55324
2.357 -0.555693
2.358 -0.558137
2.359 -0.560571
2.36 -0.562996
2.361 -0.56541
2.362 -0.567815
2.363 -0.570209
2.364 -0.572594
2.365 -0.574969
2.366 -0.577334
2.367 -0.579689
2.368 -0.582034
2.369 -0.584369
2.37 -0.586694
2.371 -0.589009
2.372 -0.591314
2.373 -0.593608
2.374 -0.595893
2.375 -0.598168
2.376 -0.600432
2.377 -0.602686
2.378 -0.60493
2.379 -0.607164
2.38 -0.609388
2.381 -0.611601
2.382 -0.613804
2.383 -0.615997
2.384 -0.61818
2.385 -0.620352
2.386 -0.622514
2.387 -0.624666
2.388 -0.626807
2.389 -0.628938
2.39 -0.631059
2.391 -0.633169
2.392 -0.635269
2.393 -0.637359
2.394 -0.639438
2.395 -0.641506
2.396 -0.643565
2.397 -0.645612
2.398 -0.64765
2.399 -0.649677
2.4 -0.651693
2.401 -0.653699
2.402 -0.655695
2.403 -0.65768
2.404 -0.659654
2.405 -0.661618
2.406 -0.663572
2.407 -0.665515
2.408 -0.667447
2.409 -0.669369
2.41 -0.67128
2.411 -0.673181
2.412 -0.675071
2.413 -0.676951
2.414 -0.67882
2.415 -0.680679
2.416 -0.682527
2.417 -0.684364
2.418 -0.686191
2.419 -0.688007
2.42 -0.689813
2.421 -0.691608
2.422 -0.693392
2.423 -0.695166
2.424 -0.696929
2.425 -0.698681
2.426 -0.700423
2.427 -0.702155
2.428 -0.703875
2.429 -0.705586
2.43 -0.707285
2.431 -0.708974
2.432 -0.710652
2.433 -0.71232
2.434 -0.713977
2.435 -0.715623
2.436 -0.717259
2.437 -0.718884
2.438 -0.720499
2.439 -0.722103
2.44 -0.723696
2.441 -0.725279
2.442 -0.726851
2.443 -0.728412
2.444 -0.729963
2.445 -0.731503
2.446 -0.733033
2.447 -0.734552
2.448 -0.73606
2.449 -0.737558
2.45 -0.739045
2.451 -0.740522
2.452 -0.741988
2.453 -0.743444
2.454 -0.744889
2.455 -0.746323
2.456 -0.747747
2.457 -0.74916
2.458 -0.750563
2.459 -0.751955
2.46 -0.753336
2.461 -0.754708
2.462 -0.756068
2.463 -0.757418
2.464 -0.758757
2.465 -0.760086
2.466 -0.761405
2.467 -0.762713
2.468 -0.76401
2.469 -0.765297
2.47 -0.766573
2.471 -0.767839
2.472 -0.769095
2.473 -0.77034
2.474 -0.771574
2.475 -0.772799
2.476 -0.774012
2.477 -0.775215
2.478 -0.776408
2.479 -0.777591
2.48 -0.778763
2.481 -0.779924
2.482 -0.781075
2.483 -0.782216
2.484 -0.783347
2.485 -0.784467
2.486 -0.785576
2.487 -0.786676
2.488 -0.787765
2.489 -0.788843
2.49 -0.789912
2.491 -0.79097
2.492 -0.792017
2.493 -0.793055
2.494 -0.794082
2.495 -0.795099
2.496 -0.796105
2.497 -0.797102
2.498 -0.798088
2.499 -0.799064
2.5 -0.800029
2.501 -0.800985
2.502 -0.80193
2.503 -0.802865
2.504 -0.80379
2.505 -0.804705
2.506 -0.805609
2.507 -0.806503
2.508 -0.807388
2.509 -0.808262
2.51 -0.809126
2.511 -0.809979
2.512 -0.810823
2.513 -0.811657
2.514 -0.81248
2.515 -0.813294
2.516 -0.814097
2.517 -0.814891
2.518 -0.815674
2.519 -0.816447
2.52 -0.817211
2.521 -0.817964
2.522 -0.818708
2.523 -0.819441
2.524 -0.820164
2.525 -0.820878
2.526 -0.821581
2.527 -0.822275
2.528 -0.822959
2.529 -0.823632
2.53 -0.824296
2.531 -0.82495
2.532 -0.825595
2.533 -0.826229
2.534 -0.826853
2.535 -0.827468
2.536 -0.828073
2.537 -0.828668
2.538 -0.829253
2.539 -0.829828
2.54 -0.830394
2.541 -0.83095
2.542 -0.831496
2.543 -0.832032
2.544 -0.832559
2.545 -0.833076
2.546 -0.833583
2.547 -0.83408
2.548 -0.834568
2.549 -0.835046
2.55 -0.835515
2.551 -0.835974
2.552 -0.836423
2.553 -0.836863
2.554 -0.837293
2.555 -0.837713
2.556 -0.838124
2.557 -0.838525
2.558 -0.838917
2.559 -0.839299
2.56 -0.839672
2.561 -0.840035
2.562 -0.840389
2.563 -0.840733
2.564 -0.841068
2.565 -0.841393
2.566 -0.841709
2.567 -0.842015
2.568 -0.842312
2.569 -0.842599
2.57 -0.842877
2.571 -0.843146
2.572 -0.843405
2.573 -0.843655
2.574 -0.843895
2.575 -0.844126
2.576 -0.844348
2.577 -0.84456
2.578 -0.844764
2.579 -0.844957
2.58 -0.845142
2.581 -0.845317
2.582 -0.845483
2.583 -0.84564
2.584 -0.845787
2.585 -0.845925
2.586 -0.846054
2.587 -0.846174
2.588 -0.846285
2.589 -0.846386
2.59 -0.846478
2.591 -0.846561
2.592 -0.846635
2.593 -0.8467
2.594 -0.846756
2.595 -0.846802
2.596 -0.84684
2.597 -0.846868
2.598 -0.846887
2.599 -0.846897
2.6 -0.846898
2.601 -0.84689
2.602 -0.846873
2.603 -0.846847
2.604 -0.846812
2.605 -0.846768
2.606 -0.846715
2.607 -0.846653
2.608 -0.846582
2.609 -0.846502
2.61 -0.846413
2.611 -0.846315
2.612 -0.846208
2.613 -0.846092
2.614 -0.845968
2.615 -0.845834
2.616 -0.845692
2.617 -0.84554
2.618 -0.84538
2.619 -0.845211
2.62 -0.845033
2.621 -0.844846
2.622 -0.844651
2.623 -0.844446
2.624 -0.844233
2.625 -0.844011
2.626 -0.84378
2.627 -0.843541
2.628 -0.843292
2.629 -0.843035
2.63 -0.842769
2.631 -0.842495
2.632 -0.842211
2.633 -0.841919
2.634 -0.841619
2.635 -0.841309
2.636 -0.840991
2.637 -0.840664
2.638 -0.840329
2.639 -0.839985
2.64 -0.839632
2.641 -0.839271
2.642 -0.838901
2.643 -0.838522
2.644 -0.838135
2.645 -0.837739
2.646 -0.837335
2.647 -0.836922
2.648 -0.8365
2.649 -0.83607
2.65 -0.835631
2.651 -0.835184
2.652 -0.834728
2.653 -0.834264
2.654 -0.833791
2.655 -0.83331
2.656 -0.83282
2.657 -0.832322
2.658 -0.831815
2.659 -0.8313
2.66 -0.830776
2.661 -0.830244
2.662 -0.829704
2.663 -0.829155
2.664 -0.828597
2.665 -0.828031
2.666 -0.827457
2.667 -0.826875
2.668 -0.826284
2.669 -0.825684
2.67 -0.825076
2.671 -0.82446
2.672 -0.823836
2.673 -0.823203
2.674 -0.822562
2.675 -0.821912
2.676 -0.821254
2.677 -0.820588
2.678 -0.819914
2.679 -0.819231
2.68 -0.81854
2.681 -0.817841
2.682 -0.817133
2.683 -0.816418
2.684 -0.815694
2.685 -0.814961
2.686 -0.814221
2.687 -0.813472
2.688 -0.812715
2.689 -0.81195
2.69 -0.811176
2.691 -0.810395
2.692 -0.809605
2.693 -0.808807
2.694 -0.808001
2.695 -0.807186
2.696 -0.806364
2.697 -0.805533
2.698 -0.804695
2.699 -0.803848
2.7 -0.802993
2.701 -0.80213
2.702 -0.801258
2.703 -0.800379
2.704 -0.799492
2.705 -0.798596
2.706 -0.797693
2.707 -0.796781
2.708 -0.795861
2.709 -0.794934
2.71 -0.793998
2.711 -0.793054
2.712 -0.792102
2.713 -0.791142
2.714 -0.790174
2.715 -0.789198
2.716 -0.788214
2.717 -0.787223
2.718 -0.786223
2.719 -0.785215
2.72 -0.784199
2.721 -0.783175
2.722 -0.782143
2.723 -0.781104
2.724 -0.780056
2.725 -0.779001
2.726 -0.777937
2.727 -0.776866
2.728 -0.775786
2.729 -0.774699
2.73 -0.773604
2.731 -0.772501
2.732 -0.77139
2.733 -0.770271
2.734 -0.769145
2.735 -0.76801
2.736 -0.766868
2.737 -0.765718
2.738 -0.76456
2.739 -0.763394
2.74 -0.762221
2.741 -0.761039
2.742 -0.75985
2.743 -0.758653
2.744 -0.757448
2.745 -0.756236
2.746 -0.755015
2.747 -0.753787
2.748 -0.752551
2.749 -0.751308
2.75 -0.750056
2.751 -0.748797
2.752 -0.747531
2.753 -0.746256
2.754 -0.744974
2.755 -0.743684
2.756 -0.742386
2.757 -0.741081
2.758 -0.739768
2.759 -0.738448
2.76 -0.737119
2.761 -0.735783
2.762 -0.73444
2.763 -0.733088
2.764 -0.73173
2.765 -0.730363
2.766 -0.728989
2.767 -0.727607
2.768 -0.726218
2.769 -0.724821
2.77 -0.723417
2.771 -0.722005
2.772 -0.720585
2.773 -0.719158
2.774 -0.717723
2.775 -0.716281
2.776 -0.714831
2.777 -0.713374
2.778 -0.711909
2.779 -0.710437
2.78 -0.708957
2.781 -0.70747
2.782 -0.705975
2.783 -0.704473
2.784 -0.702963
2.785 -0.701446
2.786 -0.699922
2.787 -0.69839
2.788 -0.69685
2.789 -0.695303
2.79 -0.693749
2.791 -0.692188
2.792 -0.690618
2.793 -0.689042
2.794 -0.687458
2.795 -0.685867
2.796 -0.684269
2.797 -0.682663
2.798 -0.68105
2.799 -0.679429
2.8 -0.677801
2.801 -0.676166
2.802 -0.674524
2.803 -0.672874
2.804 -0.671217
2.805 -0.669553
2.806 -0.667881
2.807 -0.666203
2.808 -0.664517
2.809 -0.662824
2.81 -0.661123
2.811 -0.659416
2.812 -0.657701
2.813 -0.655979
2.814 -0.65425
2.815 -0.652513
2.816 -0.65077
2.817 -0.649019
2.818 -0.647262
2.819 -0.645497
2.82 -0.643725
2.821 -0.641946
2.822 -0.64016
2.823 -0.638366
2.824 -0.636566
2.825 -0.634759
2.826 -0.632944
2.827 -0.631123
2.828 -0.629294
2.829 -0.627459
2.83 -0.625617
2.831 -0.623767
2.832 -0.621911
2.833 -0.620047
2.834 -0.618177
2.835 -0.6163
2.836 -0.614416
2.837 -0.612525
2.838 -0.610627
2.839 -0.608722
2.84 -0.60681
2.841 -0.604892
2.842 -0.602966
2.843 -0.601034
2.844 -0.599095
2.845 -0.597149
2.846 -0.595196
2.847 -0.593237
2.848 -0.591271
2.849 -0.589298
2.85 -0.587318
2.851 -0.585331
2.852 -0.583338
2.853 -0.581338
2.854 -0.579332
2.855 -0.577319
2.856 -0.575299
2.857 -0.573272
2.858 -0.571239
2.859 -0.569199
2.86 -0.567153
2.861 -0.5651
2.862 -0.56304
2.863 -0.560974
2.864 -0.558902
2.865 -0.556822
2.866 -0.554737
2.867 -0.552645
2.868 -0.550546
2.869 -0.548441
2.87 -0.546329
2.871 -0.544211
2.872 -0.542087
2.873 -0.539956
2.874 -0.537819
2.875 -0.535676
2.876 -0.533526
2.877 -0.53137
2.878 -0.529207
2.879 -0.527038
2.88 -0.524863
2.881 -0.522682
2.882 -0.520494
2.883 -0.5183
2.884 -0.5161
2.885 -0.513894
2.886 -0.511682
2.887 -0.509463
2.888 -0.507238
2.889 -0.505008
2.89 -0.502771
2.891 -0.500528
2.892 -0.498279
2.893 -0.496024
2.894 -0.493762
2.895 -0.491495
2.896 -0.489222
2.897 -0.486943
2.898 -0.484658
2.899 -0.482367
2.9 -0.48007
2.901 -0.477767
2.902 -0.475459
2.903 -0.473144
2.904 -0.470824
2.905 -0.468498
2.906 -0.466166
2.907 -0.463828
2.908 -0.461484
2.909 -0.459135
2.91 -0.45678
2.911 -0.45442
2.912 -0.452053
2.913 -0.449682
2.914 -0.447304
2.915 -0.444921
2.916 -0.442532
2.917 -0.440138
2.918 -0.437738
2.919 -0.435333
2.92 -0.432922
2.921 -0.430506
2.922 -0.428085
2.923 -0.425657
2.924 -0.423225
2.925 -0.420787
2.926 -0.418344
2.927 -0.415896
2.928 -0.413442
2.929 -0.410983
2.93 -0.408518
2.931 -0.406049
2.932 -0.403574
2.933 -0.401094
2.934 -0.398609
2.935 -0.396119
2.936 -0.393624
2.937 -0.391123
2.938 -0.388618
2.939 -0.386108
2.94 -0.383592
2.941 -0.381072
2.942 -0.378546
2.943 -0.376016
2.944 -0.373481
2.945 -0.370941
2.946 -0.368396
2.947 -0.365847
2.948 -0.363292
2.949 -0.360733
2.95 -0.358169
2.951 -0.3556
2.952 -0.353027
2.953 -0.350449
2.954 -0.347866
2.955 -0.345279
2.956 -0.342688
2.957 -0.340091
2.958 -0.33749
2.959 -0.334885
2.96 -0.332275
2.961 -0.329661
2.962 -0.327043
2.963 -0.32442
2.964 -0.321793
2.965 -0.319161
2.966 -0.316526
2.967 -0.313886
2.968 -0.311241
2.969 -0.308593
2.97 -0.30594
2.971 -0.303284
2.972 -0.300623
2.973 -0.297958
2.974 -0.295289
2.975 -0.292616
2.976 -0.28994
2.977 -0.287259
2.978 -0.284574
2.979 -0.281886
2.98 -0.279193
2.981 -0.276497
2.982 -0.273797
2.983 -0.271094
2.984 -0.268386
2.985 -0.265675
2.986 -0.262961
2.987 -0.260243
2.988 -0.257521
2.989 -0.254795
2.99 -0.252066
2.991 -0.249334
2.992 -0.246598
2.993 -0.243859
2.994 -0.241117
2.995 -0.238371
2.996 -0.235621
2.997 -0.232869
2.998 -0.230113
2.999 -0.227354
3 -0.224592
